34068 
12 -48.5 0.0 0.0 0.0 92 45 0.0 0.0 0.0 0.0 0.0 0.015760 2 10 Phantom 0.000000 0.000000 0.000000 0.000000 0.000000 0.000000 0 0.000000 0.000000 16711680 none 
12 -48.5 0.0 0.0 0.0 97 51 0.0 0.0 0.0 0.0 0.0 0.075580 2 2 Phantom 0.000000 0.000000 0.000000 0.000000 0.000000 0.000000 0 0.000000 0.000000 16711680 none 
4 13.0696 20.1221 5.0576 0.0 7.94 7.94 7.94 0.0 0.0 0.0 0.0 0.01576 2 1 Phantom 0.0 0.0 0.0 0.0 0.0 0.0 0 0.0 0.0 12615680 none 
4 -10.2891 21.9889 -1.23513 0.0 7.94 7.94 7.94 0.0 0.0 0.0 0.0 0.01576 2 1 Phantom 0.0 0.0 0.0 0.0 0.0 0.0 0 0.0 0.0 12615680 none 
4 -29.7323 -29.4148 2.77395 0.0 7.94 7.94 7.94 0.0 0.0 0.0 0.0 0.01576 2 1 Phantom 0.0 0.0 0.0 0.0 0.0 0.0 0 0.0 0.0 12615680 none 
4 -21.8414 4.51779 -11.662 0.0 7.94 7.94 7.94 0.0 0.0 0.0 0.0 0.01576 2 1 Phantom 0.0 0.0 0.0 0.0 0.0 0.0 0 0.0 0.0 12615680 none 
4 -15.61 -62.9019 0.268043 0.0 7.94 7.94 7.94 0.0 0.0 0.0 0.0 0.01576 2 1 Phantom 0.0 0.0 0.0 0.0 0.0 0.0 0 0.0 0.0 12615680 none 
4 -38.5825 -44.6782 3.80498 0.0 7.94 7.94 7.94 0.0 0.0 0.0 0.0 0.01576 2 1 Phantom 0.0 0.0 0.0 0.0 0.0 0.0 0 0.0 0.0 12615680 none 
4 -1.05244 5.6694 -6.44079 0.0 7.94 7.94 7.94 0.0 0.0 0.0 0.0 0.01576 2 1 Phantom 0.0 0.0 0.0 0.0 0.0 0.0 0 0.0 0.0 12615680 none 
4 -23.9344 18.5134 11.2864 0.0 7.94 7.94 7.94 0.0 0.0 0.0 0.0 0.01576 2 1 Phantom 0.0 0.0 0.0 0.0 0.0 0.0 0 0.0 0.0 12615680 none 
4 2.05516 -26.0838 -3.57072 0.0 7.94 7.94 7.94 0.0 0.0 0.0 0.0 0.01576 2 1 Phantom 0.0 0.0 0.0 0.0 0.0 0.0 0 0.0 0.0 12615680 none 
4 -24.4053 60.3855 -8.17082 0.0 7.94 7.94 7.94 0.0 0.0 0.0 0.0 0.01576 2 1 Phantom 0.0 0.0 0.0 0.0 0.0 0.0 0 0.0 0.0 12615680 none 
4 -7.38345 -13.2736 -4.91558 0.0 7.94 7.94 7.94 0.0 0.0 0.0 0.0 0.01576 2 1 Phantom 0.0 0.0 0.0 0.0 0.0 0.0 0 0.0 0.0 12615680 none 
4 9.74236 -29.8933 14.0043 0.0 7.94 7.94 7.94 0.0 0.0 0.0 0.0 0.01576 2 1 Phantom 0.0 0.0 0.0 0.0 0.0 0.0 0 0.0 0.0 12615680 none 
4 24.0557 -28.5412 5.04591 0.0 7.94 7.94 7.94 0.0 0.0 0.0 0.0 0.01576 2 1 Phantom 0.0 0.0 0.0 0.0 0.0 0.0 0 0.0 0.0 12615680 none 
4 -19.6036 -39.7856 -8.46304 0.0 7.94 7.94 7.94 0.0 0.0 0.0 0.0 0.01576 2 1 Phantom 0.0 0.0 0.0 0.0 0.0 0.0 0 0.0 0.0 12615680 none 
4 -32.4287 -76.9072 5.44621 0.0 7.94 7.94 7.94 0.0 0.0 0.0 0.0 0.01576 2 1 Phantom 0.0 0.0 0.0 0.0 0.0 0.0 0 0.0 0.0 12615680 none 
4 -39.7804 -0.877494 -11.8726 0.0 7.94 7.94 7.94 0.0 0.0 0.0 0.0 0.01576 2 1 Phantom 0.0 0.0 0.0 0.0 0.0 0.0 0 0.0 0.0 12615680 none 
4 7.85834 -55.4457 4.20627 0.0 7.94 7.94 7.94 0.0 0.0 0.0 0.0 0.01576 2 1 Phantom 0.0 0.0 0.0 0.0 0.0 0.0 0 0.0 0.0 12615680 none 
4 -38.0696 6.01814 10.053 0.0 7.94 7.94 7.94 0.0 0.0 0.0 0.0 0.01576 2 1 Phantom 0.0 0.0 0.0 0.0 0.0 0.0 0 0.0 0.0 12615680 none 
4 -13.0911 67.5792 7.97101 0.0 7.94 7.94 7.94 0.0 0.0 0.0 0.0 0.01576 2 1 Phantom 0.0 0.0 0.0 0.0 0.0 0.0 0 0.0 0.0 12615680 none 
4 -3.19944 -69.4983 12.0471 0.0 7.94 7.94 7.94 0.0 0.0 0.0 0.0 0.01576 2 1 Phantom 0.0 0.0 0.0 0.0 0.0 0.0 0 0.0 0.0 12615680 none 
4 23.3044 33.6622 -10.0322 0.0 7.94 7.94 7.94 0.0 0.0 0.0 0.0 0.01576 2 1 Phantom 0.0 0.0 0.0 0.0 0.0 0.0 0 0.0 0.0 12615680 none 
4 -10.7876 36.4934 8.68002 0.0 7.94 7.94 7.94 0.0 0.0 0.0 0.0 0.01576 2 1 Phantom 0.0 0.0 0.0 0.0 0.0 0.0 0 0.0 0.0 12615680 none 
4 0.368645 -50.7184 -9.92854 0.0 7.94 7.94 7.94 0.0 0.0 0.0 0.0 0.01576 2 1 Phantom 0.0 0.0 0.0 0.0 0.0 0.0 0 0.0 0.0 12615680 none 
4 -31.6269 78.9688 -7.46319 0.0 7.94 7.94 7.94 0.0 0.0 0.0 0.0 0.01576 2 1 Phantom 0.0 0.0 0.0 0.0 0.0 0.0 0 0.0 0.0 12615680 none 
4 -6.10803 -72.3289 -11.7383 0.0 7.94 7.94 7.94 0.0 0.0 0.0 0.0 0.01576 2 1 Phantom 0.0 0.0 0.0 0.0 0.0 0.0 0 0.0 0.0 12615680 none 
4 -18.6214 -18.657 12.3254 0.0 7.94 7.94 7.94 0.0 0.0 0.0 0.0 0.01576 2 1 Phantom 0.0 0.0 0.0 0.0 0.0 0.0 0 0.0 0.0 12615680 none 
4 34.1238 -13.7087 7.78886 0.0 7.94 7.94 7.94 0.0 0.0 0.0 0.0 0.01576 2 1 Phantom 0.0 0.0 0.0 0.0 0.0 0.0 0 0.0 0.0 12615680 none 
4 -31.6642 -15.7925 -7.00861 0.0 7.94 7.94 7.94 0.0 0.0 0.0 0.0 0.01576 2 1 Phantom 0.0 0.0 0.0 0.0 0.0 0.0 0 0.0 0.0 12615680 none 
4 -16.718 -41.6801 12.6298 0.0 7.94 7.94 7.94 0.0 0.0 0.0 0.0 0.01576 2 1 Phantom 0.0 0.0 0.0 0.0 0.0 0.0 0 0.0 0.0 12615680 none 
4 -32.2747 -12.2569 12.8702 0.0 6.35 6.35 6.35 0.0 0.0 0.0 0.0 0.01576 2 1 Phantom 0.0 0.0 0.0 0.0 0.0 0.0 0 0.0 0.0 65280 none 
4 11.8905 6.17264 10.9947 0.0 6.35 6.35 6.35 0.0 0.0 0.0 0.0 0.01576 2 1 Phantom 0.0 0.0 0.0 0.0 0.0 0.0 0 0.0 0.0 65280 none 
4 20.4685 49.2344 11.6373 0.0 6.35 6.35 6.35 0.0 0.0 0.0 0.0 0.01576 2 1 Phantom 0.0 0.0 0.0 0.0 0.0 0.0 0 0.0 0.0 65280 none 
4 -18.892 -79.6643 -13.7431 0.0 6.35 6.35 6.35 0.0 0.0 0.0 0.0 0.01576 2 1 Phantom 0.0 0.0 0.0 0.0 0.0 0.0 0 0.0 0.0 65280 none 
4 -28.9204 77.0928 9.93206 0.0 6.35 6.35 6.35 0.0 0.0 0.0 0.0 0.01576 2 1 Phantom 0.0 0.0 0.0 0.0 0.0 0.0 0 0.0 0.0 65280 none 
4 -15.4405 -57.0012 14.1614 0.0 6.35 6.35 6.35 0.0 0.0 0.0 0.0 0.01576 2 1 Phantom 0.0 0.0 0.0 0.0 0.0 0.0 0 0.0 0.0 65280 none 
4 -20.5359 30.8899 -6.01308 0.0 6.35 6.35 6.35 0.0 0.0 0.0 0.0 0.01576 2 1 Phantom 0.0 0.0 0.0 0.0 0.0 0.0 0 0.0 0.0 65280 none 
4 -37.025 48.5163 6.81444 0.0 6.35 6.35 6.35 0.0 0.0 0.0 0.0 0.01576 2 1 Phantom 0.0 0.0 0.0 0.0 0.0 0.0 0 0.0 0.0 65280 none 
4 16.4699 -6.45081 0.816986 0.0 6.35 6.35 6.35 0.0 0.0 0.0 0.0 0.01576 2 1 Phantom 0.0 0.0 0.0 0.0 0.0 0.0 0 0.0 0.0 65280 none 
4 11.6059 55.6742 4.11065 0.0 6.35 6.35 6.35 0.0 0.0 0.0 0.0 0.01576 2 1 Phantom 0.0 0.0 0.0 0.0 0.0 0.0 0 0.0 0.0 65280 none 
4 -27.9585 15.9526 -2.48377 0.0 6.35 6.35 6.35 0.0 0.0 0.0 0.0 0.01576 2 1 Phantom 0.0 0.0 0.0 0.0 0.0 0.0 0 0.0 0.0 65280 none 
4 -0.974213 49.2354 -15.2754 0.0 6.35 6.35 6.35 0.0 0.0 0.0 0.0 0.01576 2 1 Phantom 0.0 0.0 0.0 0.0 0.0 0.0 0 0.0 0.0 65280 none 
4 -6.18097 -11.4691 13.1304 0.0 6.35 6.35 6.35 0.0 0.0 0.0 0.0 0.01576 2 1 Phantom 0.0 0.0 0.0 0.0 0.0 0.0 0 0.0 0.0 65280 none 
4 6.49124 35.118 11.1598 0.0 6.35 6.35 6.35 0.0 0.0 0.0 0.0 0.01576 2 1 Phantom 0.0 0.0 0.0 0.0 0.0 0.0 0 0.0 0.0 65280 none 
4 -33.4317 -65.1777 -13.8363 0.0 6.35 6.35 6.35 0.0 0.0 0.0 0.0 0.01576 2 1 Phantom 0.0 0.0 0.0 0.0 0.0 0.0 0 0.0 0.0 65280 none 
4 -31.2562 64.452 15.4398 0.0 6.35 6.35 6.35 0.0 0.0 0.0 0.0 0.01576 2 1 Phantom 0.0 0.0 0.0 0.0 0.0 0.0 0 0.0 0.0 65280 none 
4 1.99303 69.171 -0.726606 0.0 6.35 6.35 6.35 0.0 0.0 0.0 0.0 0.01576 2 1 Phantom 0.0 0.0 0.0 0.0 0.0 0.0 0 0.0 0.0 65280 none 
4 -7.55453 -31.0193 6.4277 0.0 6.35 6.35 6.35 0.0 0.0 0.0 0.0 0.01576 2 1 Phantom 0.0 0.0 0.0 0.0 0.0 0.0 0 0.0 0.0 65280 none 
4 -13.1945 51.3707 -5.97029 0.0 6.35 6.35 6.35 0.0 0.0 0.0 0.0 0.01576 2 1 Phantom 0.0 0.0 0.0 0.0 0.0 0.0 0 0.0 0.0 65280 none 
4 13.6641 -40.3217 -1.3406 0.0 6.35 6.35 6.35 0.0 0.0 0.0 0.0 0.01576 2 1 Phantom 0.0 0.0 0.0 0.0 0.0 0.0 0 0.0 0.0 65280 none 
4 -29.2722 42.7143 15.9057 0.0 6.35 6.35 6.35 0.0 0.0 0.0 0.0 0.01576 2 1 Phantom 0.0 0.0 0.0 0.0 0.0 0.0 0 0.0 0.0 65280 none 
4 -2.01735 9.26968 9.65044 0.0 6.35 6.35 6.35 0.0 0.0 0.0 0.0 0.01576 2 1 Phantom 0.0 0.0 0.0 0.0 0.0 0.0 0 0.0 0.0 65280 none 
4 33.2815 0.0458011 14.4596 0.0 6.35 6.35 6.35 0.0 0.0 0.0 0.0 0.01576 2 1 Phantom 0.0 0.0 0.0 0.0 0.0 0.0 0 0.0 0.0 65280 none 
4 23.9906 35.2599 13.5831 0.0 6.35 6.35 6.35 0.0 0.0 0.0 0.0 0.01576 2 1 Phantom 0.0 0.0 0.0 0.0 0.0 0.0 0 0.0 0.0 65280 none 
4 9.42695 61.5216 -9.06936 0.0 6.35 6.35 6.35 0.0 0.0 0.0 0.0 0.01576 2 1 Phantom 0.0 0.0 0.0 0.0 0.0 0.0 0 0.0 0.0 65280 none 
4 31.4957 -1.20431 -13.7103 0.0 6.35 6.35 6.35 0.0 0.0 0.0 0.0 0.01576 2 1 Phantom 0.0 0.0 0.0 0.0 0.0 0.0 0 0.0 0.0 65280 none 
4 -37.7863 24.0848 15.3324 0.0 6.35 6.35 6.35 0.0 0.0 0.0 0.0 0.01576 2 1 Phantom 0.0 0.0 0.0 0.0 0.0 0.0 0 0.0 0.0 65280 none 
4 30.0446 -15.1103 -15.4568 0.0 6.35 6.35 6.35 0.0 0.0 0.0 0.0 0.01576 2 1 Phantom 0.0 0.0 0.0 0.0 0.0 0.0 0 0.0 0.0 65280 none 
4 -35.3725 34.7228 -5.41114 0.0 6.35 6.35 6.35 0.0 0.0 0.0 0.0 0.01576 2 1 Phantom 0.0 0.0 0.0 0.0 0.0 0.0 0 0.0 0.0 65280 none 
4 -6.29207 53.1231 10.8764 0.0 6.35 6.35 6.35 0.0 0.0 0.0 0.0 0.01576 2 1 Phantom 0.0 0.0 0.0 0.0 0.0 0.0 0 0.0 0.0 65280 none 
4 14.8499 3.56837 -8.48156 0.0 6.35 6.35 6.35 0.0 0.0 0.0 0.0 0.01576 2 1 Phantom 0.0 0.0 0.0 0.0 0.0 0.0 0 0.0 0.0 65280 none 
4 -37.1387 -40.1885 -10.1419 0.0 6.35 6.35 6.35 0.0 0.0 0.0 0.0 0.01576 2 1 Phantom 0.0 0.0 0.0 0.0 0.0 0.0 0 0.0 0.0 65280 none 
4 27.7305 14.5168 -6.15839 0.0 6.35 6.35 6.35 0.0 0.0 0.0 0.0 0.01576 2 1 Phantom 0.0 0.0 0.0 0.0 0.0 0.0 0 0.0 0.0 65280 none 
4 5.97438 59.9454 15.8744 0.0 6.35 6.35 6.35 0.0 0.0 0.0 0.0 0.01576 2 1 Phantom 0.0 0.0 0.0 0.0 0.0 0.0 0 0.0 0.0 65280 none 
4 -41.1229 82.4452 12.7558 0.0 6.35 6.35 6.35 0.0 0.0 0.0 0.0 0.01576 2 1 Phantom 0.0 0.0 0.0 0.0 0.0 0.0 0 0.0 0.0 65280 none 
4 31.7857 17.2463 15.2151 0.0 6.35 6.35 6.35 0.0 0.0 0.0 0.0 0.01576 2 1 Phantom 0.0 0.0 0.0 0.0 0.0 0.0 0 0.0 0.0 65280 none 
4 -35.4068 47.9193 -11.9379 0.0 6.35 6.35 6.35 0.0 0.0 0.0 0.0 0.01576 2 1 Phantom 0.0 0.0 0.0 0.0 0.0 0.0 0 0.0 0.0 65280 none 
4 -37.4183 63.9461 -1.25184 0.0 6.35 6.35 6.35 0.0 0.0 0.0 0.0 0.01576 2 1 Phantom 0.0 0.0 0.0 0.0 0.0 0.0 0 0.0 0.0 65280 none 
4 -14.3093 17.3838 -15.7297 0.0 6.35 6.35 6.35 0.0 0.0 0.0 0.0 0.01576 2 1 Phantom 0.0 0.0 0.0 0.0 0.0 0.0 0 0.0 0.0 65280 none 
4 21.7859 -26.9254 -10.0746 0.0 6.35 6.35 6.35 0.0 0.0 0.0 0.0 0.01576 2 1 Phantom 0.0 0.0 0.0 0.0 0.0 0.0 0 0.0 0.0 65280 none 
4 -12.7332 71.5094 -6.03494 0.0 6.35 6.35 6.35 0.0 0.0 0.0 0.0 0.01576 2 1 Phantom 0.0 0.0 0.0 0.0 0.0 0.0 0 0.0 0.0 65280 none 
4 -37.086 63.8678 -14.7771 0.0 6.35 6.35 6.35 0.0 0.0 0.0 0.0 0.01576 2 1 Phantom 0.0 0.0 0.0 0.0 0.0 0.0 0 0.0 0.0 65280 none 
4 -18.2307 -75.8844 9.24057 0.0 6.35 6.35 6.35 0.0 0.0 0.0 0.0 0.01576 2 1 Phantom 0.0 0.0 0.0 0.0 0.0 0.0 0 0.0 0.0 65280 none 
4 7.86773 -12.0425 10.8376 0.0 6.35 6.35 6.35 0.0 0.0 0.0 0.0 0.01576 2 1 Phantom 0.0 0.0 0.0 0.0 0.0 0.0 0 0.0 0.0 65280 none 
4 20.1561 49.2681 -9.2037 0.0 6.35 6.35 6.35 0.0 0.0 0.0 0.0 0.01576 2 1 Phantom 0.0 0.0 0.0 0.0 0.0 0.0 0 0.0 0.0 65280 none 
4 4.85951 27.2038 -5.1811 0.0 6.35 6.35 6.35 0.0 0.0 0.0 0.0 0.01576 2 1 Phantom 0.0 0.0 0.0 0.0 0.0 0.0 0 0.0 0.0 65280 none 
4 12.6558 42.9073 0.698535 0.0 6.35 6.35 6.35 0.0 0.0 0.0 0.0 0.01576 2 1 Phantom 0.0 0.0 0.0 0.0 0.0 0.0 0 0.0 0.0 65280 none 
4 -21.2619 -0.200464 12.6706 0.0 6.35 6.35 6.35 0.0 0.0 0.0 0.0 0.01576 2 1 Phantom 0.0 0.0 0.0 0.0 0.0 0.0 0 0.0 0.0 65280 none 
4 -30.0556 -28.4312 -15.5896 0.0 6.35 6.35 6.35 0.0 0.0 0.0 0.0 0.01576 2 1 Phantom 0.0 0.0 0.0 0.0 0.0 0.0 0 0.0 0.0 65280 none 
4 -31.851 -49.8519 16.0197 0.0 6.35 6.35 6.35 0.0 0.0 0.0 0.0 0.01576 2 1 Phantom 0.0 0.0 0.0 0.0 0.0 0.0 0 0.0 0.0 65280 none 
4 -21.9093 41.5763 -14.3599 0.0 6.35 6.35 6.35 0.0 0.0 0.0 0.0 0.01576 2 1 Phantom 0.0 0.0 0.0 0.0 0.0 0.0 0 0.0 0.0 65280 none 
4 -41.521 24.1208 1.31916 0.0 6.35 6.35 6.35 0.0 0.0 0.0 0.0 0.01576 2 1 Phantom 0.0 0.0 0.0 0.0 0.0 0.0 0 0.0 0.0 65280 none 
4 8.3353 13.8033 -14.2727 0.0 6.35 6.35 6.35 0.0 0.0 0.0 0.0 0.01576 2 1 Phantom 0.0 0.0 0.0 0.0 0.0 0.0 0 0.0 0.0 65280 none 
4 -6.81677 -39.2212 -16.0053 0.0 6.35 6.35 6.35 0.0 0.0 0.0 0.0 0.01576 2 1 Phantom 0.0 0.0 0.0 0.0 0.0 0.0 0 0.0 0.0 65280 none 
4 12.9896 -11.5962 -15.7504 0.0 6.35 6.35 6.35 0.0 0.0 0.0 0.0 0.01576 2 1 Phantom 0.0 0.0 0.0 0.0 0.0 0.0 0 0.0 0.0 65280 none 
4 17.1059 -52.1232 -12.2153 0.0 6.35 6.35 6.35 0.0 0.0 0.0 0.0 0.01576 2 1 Phantom 0.0 0.0 0.0 0.0 0.0 0.0 0 0.0 0.0 65280 none 
4 -8.17041 35.807 -6.55687 0.0 6.35 6.35 6.35 0.0 0.0 0.0 0.0 0.01576 2 1 Phantom 0.0 0.0 0.0 0.0 0.0 0.0 0 0.0 0.0 65280 none 
4 -11.4699 -8.30979 -17.5693 0.0 4.76 4.76 4.76 0.0 0.0 0.0 0.0 0.01576 2 1 Phantom 0.0 0.0 0.0 0.0 0.0 0.0 0 0.0 0.0 16711680 none 
4 -28.6916 -65.4963 15.3164 0.0 4.76 4.76 4.76 0.0 0.0 0.0 0.0 0.01576 2 1 Phantom 0.0 0.0 0.0 0.0 0.0 0.0 0 0.0 0.0 16711680 none 
4 -28.6376 29.2677 5.19155 0.0 4.76 4.76 4.76 0.0 0.0 0.0 0.0 0.01576 2 1 Phantom 0.0 0.0 0.0 0.0 0.0 0.0 0 0.0 0.0 16711680 none 
4 23.6232 2.68717 3.56549 0.0 4.76 4.76 4.76 0.0 0.0 0.0 0.0 0.01576 2 1 Phantom 0.0 0.0 0.0 0.0 0.0 0.0 0 0.0 0.0 16711680 none 
4 -9.83178 22.7632 15.2738 0.0 4.76 4.76 4.76 0.0 0.0 0.0 0.0 0.01576 2 1 Phantom 0.0 0.0 0.0 0.0 0.0 0.0 0 0.0 0.0 16711680 none 
4 -18.0596 -6.93164 1.11914 0.0 4.76 4.76 4.76 0.0 0.0 0.0 0.0 0.01576 2 1 Phantom 0.0 0.0 0.0 0.0 0.0 0.0 0 0.0 0.0 16711680 none 
4 -12.0298 4.99623 5.28323 0.0 4.76 4.76 4.76 0.0 0.0 0.0 0.0 0.01576 2 1 Phantom 0.0 0.0 0.0 0.0 0.0 0.0 0 0.0 0.0 16711680 none 
4 -43.08 73.1077 3.69896 0.0 4.76 4.76 4.76 0.0 0.0 0.0 0.0 0.01576 2 1 Phantom 0.0 0.0 0.0 0.0 0.0 0.0 0 0.0 0.0 16711680 none 
4 -34.0259 -32.6167 15.9818 0.0 4.76 4.76 4.76 0.0 0.0 0.0 0.0 0.01576 2 1 Phantom 0.0 0.0 0.0 0.0 0.0 0.0 0 0.0 0.0 16711680 none 
4 0.969546 -51.7911 15.4314 0.0 4.76 4.76 4.76 0.0 0.0 0.0 0.0 0.01576 2 1 Phantom 0.0 0.0 0.0 0.0 0.0 0.0 0 0.0 0.0 16711680 none 
4 -12.2023 -52.0331 -16.8321 0.0 4.76 4.76 4.76 0.0 0.0 0.0 0.0 0.01576 2 1 Phantom 0.0 0.0 0.0 0.0 0.0 0.0 0 0.0 0.0 16711680 none 
4 -35.5346 18.8698 -15.1814 0.0 4.76 4.76 4.76 0.0 0.0 0.0 0.0 0.01576 2 1 Phantom 0.0 0.0 0.0 0.0 0.0 0.0 0 0.0 0.0 16711680 none 
4 -39.16 -75.2041 17.2725 0.0 4.76 4.76 4.76 0.0 0.0 0.0 0.0 0.01576 2 1 Phantom 0.0 0.0 0.0 0.0 0.0 0.0 0 0.0 0.0 16711680 none 
4 -24.0323 71.9821 0.997625 0.0 4.76 4.76 4.76 0.0 0.0 0.0 0.0 0.01576 2 1 Phantom 0.0 0.0 0.0 0.0 0.0 0.0 0 0.0 0.0 16711680 none 
4 -14.6827 -24.8235 -4.37115 0.0 4.76 4.76 4.76 0.0 0.0 0.0 0.0 0.01576 2 1 Phantom 0.0 0.0 0.0 0.0 0.0 0.0 0 0.0 0.0 16711680 none 
4 -18.8601 -9.35779 -11.6321 0.0 4.76 4.76 4.76 0.0 0.0 0.0 0.0 0.01576 2 1 Phantom 0.0 0.0 0.0 0.0 0.0 0.0 0 0.0 0.0 16711680 none 
4 35.7965 21.2845 -15.0838 0.0 4.76 4.76 4.76 0.0 0.0 0.0 0.0 0.01576 2 1 Phantom 0.0 0.0 0.0 0.0 0.0 0.0 0 0.0 0.0 16711680 none 
4 -16.6488 -65.1846 -14.29 0.0 4.76 4.76 4.76 0.0 0.0 0.0 0.0 0.01576 2 1 Phantom 0.0 0.0 0.0 0.0 0.0 0.0 0 0.0 0.0 16711680 none 
4 2.84769 -40.1772 2.715 0.0 4.76 4.76 4.76 0.0 0.0 0.0 0.0 0.01576 2 1 Phantom 0.0 0.0 0.0 0.0 0.0 0.0 0 0.0 0.0 16711680 none 
4 -42.9116 -26.9605 0.35119 0.0 4.76 4.76 4.76 0.0 0.0 0.0 0.0 0.01576 2 1 Phantom 0.0 0.0 0.0 0.0 0.0 0.0 0 0.0 0.0 16711680 none 
4 -23.2878 52.8156 4.65646 0.0 4.76 4.76 4.76 0.0 0.0 0.0 0.0 0.01576 2 1 Phantom 0.0 0.0 0.0 0.0 0.0 0.0 0 0.0 0.0 16711680 none 
4 -1.1126 52.1431 -3.50603 0.0 4.76 4.76 4.76 0.0 0.0 0.0 0.0 0.01576 2 1 Phantom 0.0 0.0 0.0 0.0 0.0 0.0 0 0.0 0.0 16711680 none 
4 -31.8132 -56.9379 -3.00002 0.0 4.76 4.76 4.76 0.0 0.0 0.0 0.0 0.01576 2 1 Phantom 0.0 0.0 0.0 0.0 0.0 0.0 0 0.0 0.0 16711680 none 
4 -32.5094 -82.7456 -8.30754 0.0 4.76 4.76 4.76 0.0 0.0 0.0 0.0 0.01576 2 1 Phantom 0.0 0.0 0.0 0.0 0.0 0.0 0 0.0 0.0 16711680 none 
4 -26.337 -83.3531 17.1196 0.0 4.76 4.76 4.76 0.0 0.0 0.0 0.0 0.01576 2 1 Phantom 0.0 0.0 0.0 0.0 0.0 0.0 0 0.0 0.0 16711680 none 
4 30.543 25.448 -1.0174 0.0 4.76 4.76 4.76 0.0 0.0 0.0 0.0 0.01576 2 1 Phantom 0.0 0.0 0.0 0.0 0.0 0.0 0 0.0 0.0 16711680 none 
4 -42.6516 -70.5581 -2.57614 0.0 4.76 4.76 4.76 0.0 0.0 0.0 0.0 0.01576 2 1 Phantom 0.0 0.0 0.0 0.0 0.0 0.0 0 0.0 0.0 16711680 none 
4 -17.9983 73.6076 -16.8681 0.0 4.76 4.76 4.76 0.0 0.0 0.0 0.0 0.01576 2 1 Phantom 0.0 0.0 0.0 0.0 0.0 0.0 0 0.0 0.0 16711680 none 
4 23.5701 -43.3376 9.07745 0.0 4.76 4.76 4.76 0.0 0.0 0.0 0.0 0.01576 2 1 Phantom 0.0 0.0 0.0 0.0 0.0 0.0 0 0.0 0.0 16711680 none 
4 -0.774308 -13.1376 -16.4802 0.0 4.76 4.76 4.76 0.0 0.0 0.0 0.0 0.01576 2 1 Phantom 0.0 0.0 0.0 0.0 0.0 0.0 0 0.0 0.0 16711680 none 
4 -43.0509 43.6831 -2.74121 0.0 4.76 4.76 4.76 0.0 0.0 0.0 0.0 0.01576 2 1 Phantom 0.0 0.0 0.0 0.0 0.0 0.0 0 0.0 0.0 16711680 none 
4 -12.6456 6.29598 16.373 0.0 4.76 4.76 4.76 0.0 0.0 0.0 0.0 0.01576 2 1 Phantom 0.0 0.0 0.0 0.0 0.0 0.0 0 0.0 0.0 16711680 none 
4 -0.887009 21.9353 9.49069 0.0 4.76 4.76 4.76 0.0 0.0 0.0 0.0 0.01576 2 1 Phantom 0.0 0.0 0.0 0.0 0.0 0.0 0 0.0 0.0 16711680 none 
4 12.6589 -34.7568 -11.3783 0.0 4.76 4.76 4.76 0.0 0.0 0.0 0.0 0.01576 2 1 Phantom 0.0 0.0 0.0 0.0 0.0 0.0 0 0.0 0.0 16711680 none 
4 -41.0969 75.3056 -15.9322 0.0 4.76 4.76 4.76 0.0 0.0 0.0 0.0 0.01576 2 1 Phantom 0.0 0.0 0.0 0.0 0.0 0.0 0 0.0 0.0 16711680 none 
4 -8.59352 -45.2652 1.95669 0.0 4.76 4.76 4.76 0.0 0.0 0.0 0.0 0.01576 2 1 Phantom 0.0 0.0 0.0 0.0 0.0 0.0 0 0.0 0.0 16711680 none 
4 -2.78403 -1.20455 4.73933 0.0 4.76 4.76 4.76 0.0 0.0 0.0 0.0 0.01576 2 1 Phantom 0.0 0.0 0.0 0.0 0.0 0.0 0 0.0 0.0 16711680 none 
4 19.4796 -40.6867 17.5136 0.0 4.76 4.76 4.76 0.0 0.0 0.0 0.0 0.01576 2 1 Phantom 0.0 0.0 0.0 0.0 0.0 0.0 0 0.0 0.0 16711680 none 
4 0.124595 -0.782402 15.9441 0.0 4.76 4.76 4.76 0.0 0.0 0.0 0.0 0.01576 2 1 Phantom 0.0 0.0 0.0 0.0 0.0 0.0 0 0.0 0.0 16711680 none 
4 -33.3713 -52.5439 -17.1885 0.0 4.76 4.76 4.76 0.0 0.0 0.0 0.0 0.01576 2 1 Phantom 0.0 0.0 0.0 0.0 0.0 0.0 0 0.0 0.0 16711680 none 
4 34.8901 16.0398 2.7529 0.0 4.76 4.76 4.76 0.0 0.0 0.0 0.0 0.01576 2 1 Phantom 0.0 0.0 0.0 0.0 0.0 0.0 0 0.0 0.0 16711680 none 
4 -25.6108 -68.5384 -6.24691 0.0 4.76 4.76 4.76 0.0 0.0 0.0 0.0 0.01576 2 1 Phantom 0.0 0.0 0.0 0.0 0.0 0.0 0 0.0 0.0 16711680 none 
4 5.52874 -63.1813 -11.2363 0.0 4.76 4.76 4.76 0.0 0.0 0.0 0.0 0.01576 2 1 Phantom 0.0 0.0 0.0 0.0 0.0 0.0 0 0.0 0.0 16711680 none 
4 8.81923 35.2969 -13.6902 0.0 4.76 4.76 4.76 0.0 0.0 0.0 0.0 0.01576 2 1 Phantom 0.0 0.0 0.0 0.0 0.0 0.0 0 0.0 0.0 16711680 none 
4 -41.686 -21.6024 13.4605 0.0 4.76 4.76 4.76 0.0 0.0 0.0 0.0 0.01576 2 1 Phantom 0.0 0.0 0.0 0.0 0.0 0.0 0 0.0 0.0 16711680 none 
4 -6.714 75.3023 -15.2765 0.0 4.76 4.76 4.76 0.0 0.0 0.0 0.0 0.01576 2 1 Phantom 0.0 0.0 0.0 0.0 0.0 0.0 0 0.0 0.0 16711680 none 
4 -3.7728 60.1061 -15.3723 0.0 4.76 4.76 4.76 0.0 0.0 0.0 0.0 0.01576 2 1 Phantom 0.0 0.0 0.0 0.0 0.0 0.0 0 0.0 0.0 16711680 none 
4 -41.1838 43.3299 17.3813 0.0 4.76 4.76 4.76 0.0 0.0 0.0 0.0 0.01576 2 1 Phantom 0.0 0.0 0.0 0.0 0.0 0.0 0 0.0 0.0 16711680 none 
4 -31.7392 0.439824 -0.840996 0.0 4.76 4.76 4.76 0.0 0.0 0.0 0.0 0.01576 2 1 Phantom 0.0 0.0 0.0 0.0 0.0 0.0 0 0.0 0.0 16711680 none 
4 -41.4023 -61.5168 6.26513 0.0 4.76 4.76 4.76 0.0 0.0 0.0 0.0 0.01576 2 1 Phantom 0.0 0.0 0.0 0.0 0.0 0.0 0 0.0 0.0 16711680 none 
4 -28.6503 40.1758 2.36099 0.0 4.76 4.76 4.76 0.0 0.0 0.0 0.0 0.01576 2 1 Phantom 0.0 0.0 0.0 0.0 0.0 0.0 0 0.0 0.0 16711680 none 
4 22.7408 17.6921 -16.2999 0.0 4.76 4.76 4.76 0.0 0.0 0.0 0.0 0.01576 2 1 Phantom 0.0 0.0 0.0 0.0 0.0 0.0 0 0.0 0.0 16711680 none 
4 24.8541 -23.2227 17.6611 0.0 4.76 4.76 4.76 0.0 0.0 0.0 0.0 0.01576 2 1 Phantom 0.0 0.0 0.0 0.0 0.0 0.0 0 0.0 0.0 16711680 none 
4 13.4123 25.6164 -13.7995 0.0 4.76 4.76 4.76 0.0 0.0 0.0 0.0 0.01576 2 1 Phantom 0.0 0.0 0.0 0.0 0.0 0.0 0 0.0 0.0 16711680 none 
4 -43.383 -19.7927 -16.3776 0.0 4.76 4.76 4.76 0.0 0.0 0.0 0.0 0.01576 2 1 Phantom 0.0 0.0 0.0 0.0 0.0 0.0 0 0.0 0.0 16711680 none 
4 -13.3375 -77.4943 -2.64615 0.0 4.76 4.76 4.76 0.0 0.0 0.0 0.0 0.01576 2 1 Phantom 0.0 0.0 0.0 0.0 0.0 0.0 0 0.0 0.0 16711680 none 
4 10.5207 -44.3805 11.5281 0.0 4.76 4.76 4.76 0.0 0.0 0.0 0.0 0.01576 2 1 Phantom 0.0 0.0 0.0 0.0 0.0 0.0 0 0.0 0.0 16711680 none 
4 -15.5189 79.6967 17.4775 0.0 4.76 4.76 4.76 0.0 0.0 0.0 0.0 0.01576 2 1 Phantom 0.0 0.0 0.0 0.0 0.0 0.0 0 0.0 0.0 16711680 none 
4 -24.3548 5.65984 2.8297 0.0 4.76 4.76 4.76 0.0 0.0 0.0 0.0 0.01576 2 1 Phantom 0.0 0.0 0.0 0.0 0.0 0.0 0 0.0 0.0 16711680 none 
4 25.1171 -10.2568 -6.13842 0.0 4.76 4.76 4.76 0.0 0.0 0.0 0.0 0.01576 2 1 Phantom 0.0 0.0 0.0 0.0 0.0 0.0 0 0.0 0.0 16711680 none 
4 25.3969 -43.1464 -1.57439 0.0 4.76 4.76 4.76 0.0 0.0 0.0 0.0 0.01576 2 1 Phantom 0.0 0.0 0.0 0.0 0.0 0.0 0 0.0 0.0 16711680 none 
4 -41.3315 36.3675 9.06947 0.0 4.76 4.76 4.76 0.0 0.0 0.0 0.0 0.01576 2 1 Phantom 0.0 0.0 0.0 0.0 0.0 0.0 0 0.0 0.0 16711680 none 
4 -18.4301 46.886 14.3927 0.0 4.76 4.76 4.76 0.0 0.0 0.0 0.0 0.01576 2 1 Phantom 0.0 0.0 0.0 0.0 0.0 0.0 0 0.0 0.0 16711680 none 
4 -2.09308 -23.2962 14.326 0.0 4.76 4.76 4.76 0.0 0.0 0.0 0.0 0.01576 2 1 Phantom 0.0 0.0 0.0 0.0 0.0 0.0 0 0.0 0.0 16711680 none 
4 -23.9761 -51.2948 -15.1005 0.0 4.76 4.76 4.76 0.0 0.0 0.0 0.0 0.01576 2 1 Phantom 0.0 0.0 0.0 0.0 0.0 0.0 0 0.0 0.0 16711680 none 
4 -24.9214 26.0983 -15.9292 0.0 4.76 4.76 4.76 0.0 0.0 0.0 0.0 0.01576 2 1 Phantom 0.0 0.0 0.0 0.0 0.0 0.0 0 0.0 0.0 16711680 none 
4 -43.1361 -7.76501 7.20621 0.0 4.76 4.76 4.76 0.0 0.0 0.0 0.0 0.01576 2 1 Phantom 0.0 0.0 0.0 0.0 0.0 0.0 0 0.0 0.0 16711680 none 
4 20.3583 -2.09576 15.8417 0.0 4.76 4.76 4.76 0.0 0.0 0.0 0.0 0.01576 2 1 Phantom 0.0 0.0 0.0 0.0 0.0 0.0 0 0.0 0.0 16711680 none 
4 16.6933 18.1636 -7.92214 0.0 4.76 4.76 4.76 0.0 0.0 0.0 0.0 0.01576 2 1 Phantom 0.0 0.0 0.0 0.0 0.0 0.0 0 0.0 0.0 16711680 none 
4 26.4738 -41.2568 -14.8091 0.0 4.76 4.76 4.76 0.0 0.0 0.0 0.0 0.01576 2 1 Phantom 0.0 0.0 0.0 0.0 0.0 0.0 0 0.0 0.0 16711680 none 
4 -14.8129 63.541 -16.6167 0.0 4.76 4.76 4.76 0.0 0.0 0.0 0.0 0.01576 2 1 Phantom 0.0 0.0 0.0 0.0 0.0 0.0 0 0.0 0.0 16711680 none 
4 -41.3874 -76.0213 -15.6907 0.0 4.76 4.76 4.76 0.0 0.0 0.0 0.0 0.01576 2 1 Phantom 0.0 0.0 0.0 0.0 0.0 0.0 0 0.0 0.0 16711680 none 
4 7.86093 -25.336 -15.7095 0.0 4.76 4.76 4.76 0.0 0.0 0.0 0.0 0.01576 2 1 Phantom 0.0 0.0 0.0 0.0 0.0 0.0 0 0.0 0.0 16711680 none 
4 -41.973 -84.9086 14.8972 0.0 4.76 4.76 4.76 0.0 0.0 0.0 0.0 0.01576 2 1 Phantom 0.0 0.0 0.0 0.0 0.0 0.0 0 0.0 0.0 16711680 none 
4 -10.848 -26.8147 -16.0281 0.0 4.76 4.76 4.76 0.0 0.0 0.0 0.0 0.01576 2 1 Phantom 0.0 0.0 0.0 0.0 0.0 0.0 0 0.0 0.0 16711680 none 
4 36.5805 3.83945 -2.4802 0.0 4.76 4.76 4.76 0.0 0.0 0.0 0.0 0.01576 2 1 Phantom 0.0 0.0 0.0 0.0 0.0 0.0 0 0.0 0.0 16711680 none 
4 -41.939 -60.2642 -3.80796 0.0 4.76 4.76 4.76 0.0 0.0 0.0 0.0 0.01576 2 1 Phantom 0.0 0.0 0.0 0.0 0.0 0.0 0 0.0 0.0 16711680 none 
4 -42.2656 -50.7942 -11.4366 0.0 4.76 4.76 4.76 0.0 0.0 0.0 0.0 0.01576 2 1 Phantom 0.0 0.0 0.0 0.0 0.0 0.0 0 0.0 0.0 16711680 none 
4 13.895 -58.9735 17.6045 0.0 4.76 4.76 4.76 0.0 0.0 0.0 0.0 0.01576 2 1 Phantom 0.0 0.0 0.0 0.0 0.0 0.0 0 0.0 0.0 16711680 none 
4 -17.0787 81.2483 3.17496 0.0 4.76 4.76 4.76 0.0 0.0 0.0 0.0 0.01576 2 1 Phantom 0.0 0.0 0.0 0.0 0.0 0.0 0 0.0 0.0 16711680 none 
4 22.7552 10.5465 9.2188 0.0 4.76 4.76 4.76 0.0 0.0 0.0 0.0 0.01576 2 1 Phantom 0.0 0.0 0.0 0.0 0.0 0.0 0 0.0 0.0 16711680 none 
4 -6.58699 -60.4783 -16.914 0.0 4.76 4.76 4.76 0.0 0.0 0.0 0.0 0.01576 2 1 Phantom 0.0 0.0 0.0 0.0 0.0 0.0 0 0.0 0.0 16711680 none 
4 -15.7027 31.6703 -16.4148 0.0 4.76 4.76 4.76 0.0 0.0 0.0 0.0 0.01576 2 1 Phantom 0.0 0.0 0.0 0.0 0.0 0.0 0 0.0 0.0 16711680 none 
4 -19.4509 59.3856 17.7163 0.0 4.76 4.76 4.76 0.0 0.0 0.0 0.0 0.01576 2 1 Phantom 0.0 0.0 0.0 0.0 0.0 0.0 0 0.0 0.0 16711680 none 
4 -41.8468 -64.4292 16.5038 0.0 4.76 4.76 4.76 0.0 0.0 0.0 0.0 0.01576 2 1 Phantom 0.0 0.0 0.0 0.0 0.0 0.0 0 0.0 0.0 16711680 none 
4 -42.1457 -14.4106 0.459653 0.0 4.76 4.76 4.76 0.0 0.0 0.0 0.0 0.01576 2 1 Phantom 0.0 0.0 0.0 0.0 0.0 0.0 0 0.0 0.0 16711680 none 
4 -2.89508 25.6659 -14.5755 0.0 4.76 4.76 4.76 0.0 0.0 0.0 0.0 0.01576 2 1 Phantom 0.0 0.0 0.0 0.0 0.0 0.0 0 0.0 0.0 16711680 none 
4 -41.1082 32.137 -16.648 0.0 4.76 4.76 4.76 0.0 0.0 0.0 0.0 0.01576 2 1 Phantom 0.0 0.0 0.0 0.0 0.0 0.0 0 0.0 0.0 16711680 none 
4 -38.6548 -4.42829 17.7307 0.0 4.76 4.76 4.76 0.0 0.0 0.0 0.0 0.01576 2 1 Phantom 0.0 0.0 0.0 0.0 0.0 0.0 0 0.0 0.0 16711680 none 
4 0.827862 -63.9588 -2.69137 0.0 4.76 4.76 4.76 0.0 0.0 0.0 0.0 0.01576 2 1 Phantom 0.0 0.0 0.0 0.0 0.0 0.0 0 0.0 0.0 16711680 none 
4 -1.00762 -39.7747 12.9187 0.0 4.76 4.76 4.76 0.0 0.0 0.0 0.0 0.01576 2 1 Phantom 0.0 0.0 0.0 0.0 0.0 0.0 0 0.0 0.0 16711680 none 
4 31.1266 -23.8112 -4.52992 0.0 4.76 4.76 4.76 0.0 0.0 0.0 0.0 0.01576 2 1 Phantom 0.0 0.0 0.0 0.0 0.0 0.0 0 0.0 0.0 16711680 none 
4 -7.39158 0.668299 -16.463 0.0 4.76 4.76 4.76 0.0 0.0 0.0 0.0 0.01576 2 1 Phantom 0.0 0.0 0.0 0.0 0.0 0.0 0 0.0 0.0 16711680 none 
4 17.4307 13.5758 17.2007 0.0 4.76 4.76 4.76 0.0 0.0 0.0 0.0 0.01576 2 1 Phantom 0.0 0.0 0.0 0.0 0.0 0.0 0 0.0 0.0 16711680 none 
4 0.783945 42.0657 -0.408544 0.0 4.76 4.76 4.76 0.0 0.0 0.0 0.0 0.01576 2 1 Phantom 0.0 0.0 0.0 0.0 0.0 0.0 0 0.0 0.0 16711680 none 
4 -41.8533 65.4137 9.75816 0.0 4.76 4.76 4.76 0.0 0.0 0.0 0.0 0.01576 2 1 Phantom 0.0 0.0 0.0 0.0 0.0 0.0 0 0.0 0.0 16711680 none 
4 -42.71 -85.4452 -7.70946 0.0 4.76 4.76 4.76 0.0 0.0 0.0 0.0 0.01576 2 1 Phantom 0.0 0.0 0.0 0.0 0.0 0.0 0 0.0 0.0 16711680 none 
4 20.9926 -51.7269 0.898003 0.0 4.76 4.76 4.76 0.0 0.0 0.0 0.0 0.01576 2 1 Phantom 0.0 0.0 0.0 0.0 0.0 0.0 0 0.0 0.0 16711680 none 
4 -25.4256 -47.5301 1.95539 0.0 4.76 4.76 4.76 0.0 0.0 0.0 0.0 0.01576 2 1 Phantom 0.0 0.0 0.0 0.0 0.0 0.0 0 0.0 0.0 16711680 none 
4 -16.0208 -19.1335 -13.3544 0.0 4.76 4.76 4.76 0.0 0.0 0.0 0.0 0.01576 2 1 Phantom 0.0 0.0 0.0 0.0 0.0 0.0 0 0.0 0.0 16711680 none 
4 -14.022 50.6359 -17.2157 0.0 4.76 4.76 4.76 0.0 0.0 0.0 0.0 0.01576 2 1 Phantom 0.0 0.0 0.0 0.0 0.0 0.0 0 0.0 0.0 16711680 none 
4 7.66194 -7.09088 -6.35392 0.0 4.76 4.76 4.76 0.0 0.0 0.0 0.0 0.01576 2 1 Phantom 0.0 0.0 0.0 0.0 0.0 0.0 0 0.0 0.0 16711680 none 
4 10.6174 -16.5994 0.113401 0.0 4.76 4.76 4.76 0.0 0.0 0.0 0.0 0.01576 2 1 Phantom 0.0 0.0 0.0 0.0 0.0 0.0 0 0.0 0.0 16711680 none 
4 5.49096 18.8213 16.0362 0.0 4.76 4.76 4.76 0.0 0.0 0.0 0.0 0.01576 2 1 Phantom 0.0 0.0 0.0 0.0 0.0 0.0 0 0.0 0.0 16711680 none 
4 17.0854 32.9519 4.79087 0.0 4.76 4.76 4.76 0.0 0.0 0.0 0.0 0.01576 2 1 Phantom 0.0 0.0 0.0 0.0 0.0 0.0 0 0.0 0.0 16711680 none 
4 16.4669 -18.7626 15.0308 0.0 4.76 4.76 4.76 0.0 0.0 0.0 0.0 0.01576 2 1 Phantom 0.0 0.0 0.0 0.0 0.0 0.0 0 0.0 0.0 16711680 none 
4 32.4137 -29.9998 -17.7058 0.0 4.76 4.76 4.76 0.0 0.0 0.0 0.0 0.01576 2 1 Phantom 0.0 0.0 0.0 0.0 0.0 0.0 0 0.0 0.0 16711680 none 
4 -43.0809 -86.3584 5.21927 0.0 4.76 4.76 4.76 0.0 0.0 0.0 0.0 0.01576 2 1 Phantom 0.0 0.0 0.0 0.0 0.0 0.0 0 0.0 0.0 16711680 none 
4 25.5054 -10.311 17.5606 0.0 4.76 4.76 4.76 0.0 0.0 0.0 0.0 0.01576 2 1 Phantom 0.0 0.0 0.0 0.0 0.0 0.0 0 0.0 0.0 16711680 none 
4 24.9062 40.1598 2.50392 0.0 4.76 4.76 4.76 0.0 0.0 0.0 0.0 0.01576 2 1 Phantom 0.0 0.0 0.0 0.0 0.0 0.0 0 0.0 0.0 16711680 none 
4 -5.36119 75.4989 16.674 0.0 4.76 4.76 4.76 0.0 0.0 0.0 0.0 0.01576 2 1 Phantom 0.0 0.0 0.0 0.0 0.0 0.0 0 0.0 0.0 16711680 none 
4 -42.3872 -27.0464 -9.18769 0.0 4.76 4.76 4.76 0.0 0.0 0.0 0.0 0.01576 2 1 Phantom 0.0 0.0 0.0 0.0 0.0 0.0 0 0.0 0.0 16711680 none 
4 5.38674 -39.8966 -17.2997 0.0 4.76 4.76 4.76 0.0 0.0 0.0 0.0 0.01576 2 1 Phantom 0.0 0.0 0.0 0.0 0.0 0.0 0 0.0 0.0 16711680 none 
4 -24.8014 63.0876 5.33404 0.0 4.76 4.76 4.76 0.0 0.0 0.0 0.0 0.01576 2 1 Phantom 0.0 0.0 0.0 0.0 0.0 0.0 0 0.0 0.0 16711680 none 
4 7.51466 48.2545 16.8008 0.0 4.76 4.76 4.76 0.0 0.0 0.0 0.0 0.01576 2 1 Phantom 0.0 0.0 0.0 0.0 0.0 0.0 0 0.0 0.0 16711680 none 
4 21.9942 23.7163 16.8477 0.0 4.76 4.76 4.76 0.0 0.0 0.0 0.0 0.01576 2 1 Phantom 0.0 0.0 0.0 0.0 0.0 0.0 0 0.0 0.0 16711680 none 
4 -41.9768 12.0064 -1.40895 0.0 4.76 4.76 4.76 0.0 0.0 0.0 0.0 0.01576 2 1 Phantom 0.0 0.0 0.0 0.0 0.0 0.0 0 0.0 0.0 16711680 none 
4 6.70403 -1.83765 -15.6413 0.0 4.76 4.76 4.76 0.0 0.0 0.0 0.0 0.01576 2 1 Phantom 0.0 0.0 0.0 0.0 0.0 0.0 0 0.0 0.0 16711680 none 
4 37.4535 -7.01381 -5.33977 0.0 4.76 4.76 4.76 0.0 0.0 0.0 0.0 0.01576 2 1 Phantom 0.0 0.0 0.0 0.0 0.0 0.0 0 0.0 0.0 16711680 none 
4 -6.14654 60.1249 -6.01571 0.0 4.76 4.76 4.76 0.0 0.0 0.0 0.0 0.01576 2 1 Phantom 0.0 0.0 0.0 0.0 0.0 0.0 0 0.0 0.0 16711680 none 
4 36.867 11.913 -17.4158 0.0 4.76 4.76 4.76 0.0 0.0 0.0 0.0 0.01576 2 1 Phantom 0.0 0.0 0.0 0.0 0.0 0.0 0 0.0 0.0 16711680 none 
4 20.2635 -53.6283 10.8259 0.0 4.76 4.76 4.76 0.0 0.0 0.0 0.0 0.01576 2 1 Phantom 0.0 0.0 0.0 0.0 0.0 0.0 0 0.0 0.0 16711680 none 
4 -27.3608 54.0881 16.7686 0.0 4.76 4.76 4.76 0.0 0.0 0.0 0.0 0.01576 2 1 Phantom 0.0 0.0 0.0 0.0 0.0 0.0 0 0.0 0.0 16711680 none 
4 -41.9612 -54.8278 16.0822 0.0 4.76 4.76 4.76 0.0 0.0 0.0 0.0 0.01576 2 1 Phantom 0.0 0.0 0.0 0.0 0.0 0.0 0 0.0 0.0 16711680 none 
4 -8.7106 -32.0948 -7.65028 0.0 4.76 4.76 4.76 0.0 0.0 0.0 0.0 0.01576 2 1 Phantom 0.0 0.0 0.0 0.0 0.0 0.0 0 0.0 0.0 16711680 none 
4 -4.34807 34.8034 -17.5195 0.0 4.76 4.76 4.76 0.0 0.0 0.0 0.0 0.01576 2 1 Phantom 0.0 0.0 0.0 0.0 0.0 0.0 0 0.0 0.0 16711680 none 
4 -43.733 12.8013 -10.9143 0.0 4.76 4.76 4.76 0.0 0.0 0.0 0.0 0.01576 2 1 Phantom 0.0 0.0 0.0 0.0 0.0 0.0 0 0.0 0.0 16711680 none 
4 34.3819 -25.8037 13.1217 0.0 4.76 4.76 4.76 0.0 0.0 0.0 0.0 0.01576 2 1 Phantom 0.0 0.0 0.0 0.0 0.0 0.0 0 0.0 0.0 16711680 none 
4 -22.979 30.6559 15.1712 0.0 4.76 4.76 4.76 0.0 0.0 0.0 0.0 0.01576 2 1 Phantom 0.0 0.0 0.0 0.0 0.0 0.0 0 0.0 0.0 16711680 none 
4 -42.9962 82.9764 -2.94058 0.0 4.76 4.76 4.76 0.0 0.0 0.0 0.0 0.01576 2 1 Phantom 0.0 0.0 0.0 0.0 0.0 0.0 0 0.0 0.0 16711680 none 
4 -20.3727 43.1578 -2.11164 0.0 4.76 4.76 4.76 0.0 0.0 0.0 0.0 0.01576 2 1 Phantom 0.0 0.0 0.0 0.0 0.0 0.0 0 0.0 0.0 16711680 none 
4 -30.945 -79.464 -17.5912 0.0 4.76 4.76 4.76 0.0 0.0 0.0 0.0 0.01576 2 1 Phantom 0.0 0.0 0.0 0.0 0.0 0.0 0 0.0 0.0 16711680 none 
4 -29.2242 -6.78843 -17.6993 0.0 4.76 4.76 4.76 0.0 0.0 0.0 0.0 0.01576 2 1 Phantom 0.0 0.0 0.0 0.0 0.0 0.0 0 0.0 0.0 16711680 none 
4 -40.5078 -40.7222 15.9093 0.0 4.76 4.76 4.76 0.0 0.0 0.0 0.0 0.01576 2 1 Phantom 0.0 0.0 0.0 0.0 0.0 0.0 0 0.0 0.0 16711680 none 
4 -16.9015 10.4992 -1.33106 0.0 4.76 4.76 4.76 0.0 0.0 0.0 0.0 0.01576 2 1 Phantom 0.0 0.0 0.0 0.0 0.0 0.0 0 0.0 0.0 16711680 none 

 