34068 
12 -48.5 0.0 0.0 0.0 92 45 0.0 0.0 0.0 0.0 0.0 0.015760 2 10 Phantom 0.000000 0.000000 0.000000 0.000000 0.000000 0.000000 0 0.000000 0.000000 16711680 none 
12 -48.5 0.0 0.0 0.0 97 51 0.0 0.0 0.0 0.0 0.0 0.075580 2 2 Phantom 0.000000 0.000000 0.000000 0.000000 0.000000 0.000000 0 0.000000 0.000000 16711680 none 
4 13.0696 20.1221 5.0576 0.0 7.94 7.94 7.94 0.0 0.0 0.0 0.0 0.01576 2 1 Phantom 0.0 0.0 0.0 0.0 0.0 0.0 0 0.0 0.0 12615680 none 
4 -10.2891 21.9889 -1.23513 0.0 7.94 7.94 7.94 0.0 0.0 0.0 0.0 0.01576 2 1 Phantom 0.0 0.0 0.0 0.0 0.0 0.0 0 0.0 0.0 12615680 none 
4 -29.7323 -29.4148 2.77395 0.0 7.94 7.94 7.94 0.0 0.0 0.0 0.0 0.01576 2 1 Phantom 0.0 0.0 0.0 0.0 0.0 0.0 0 0.0 0.0 12615680 none 
4 -21.8414 4.51779 -11.662 0.0 7.94 7.94 7.94 0.0 0.0 0.0 0.0 0.01576 2 1 Phantom 0.0 0.0 0.0 0.0 0.0 0.0 0 0.0 0.0 12615680 none 
4 -15.61 -62.9019 0.268043 0.0 7.94 7.94 7.94 0.0 0.0 0.0 0.0 0.01576 2 1 Phantom 0.0 0.0 0.0 0.0 0.0 0.0 0 0.0 0.0 12615680 none 
4 -38.5825 -44.6782 3.80498 0.0 7.94 7.94 7.94 0.0 0.0 0.0 0.0 0.01576 2 1 Phantom 0.0 0.0 0.0 0.0 0.0 0.0 0 0.0 0.0 12615680 none 
4 -1.05244 5.6694 -6.44079 0.0 7.94 7.94 7.94 0.0 0.0 0.0 0.0 0.01576 2 1 Phantom 0.0 0.0 0.0 0.0 0.0 0.0 0 0.0 0.0 12615680 none 
4 -23.9344 18.5134 11.2864 0.0 7.94 7.94 7.94 0.0 0.0 0.0 0.0 0.01576 2 1 Phantom 0.0 0.0 0.0 0.0 0.0 0.0 0 0.0 0.0 12615680 none 
4 2.05516 -26.0838 -3.57072 0.0 7.94 7.94 7.94 0.0 0.0 0.0 0.0 0.01576 2 1 Phantom 0.0 0.0 0.0 0.0 0.0 0.0 0 0.0 0.0 12615680 none 
4 -24.4053 60.3855 -8.17082 0.0 7.94 7.94 7.94 0.0 0.0 0.0 0.0 0.01576 2 1 Phantom 0.0 0.0 0.0 0.0 0.0 0.0 0 0.0 0.0 12615680 none 
4 -7.38345 -13.2736 -4.91558 0.0 7.94 7.94 7.94 0.0 0.0 0.0 0.0 0.01576 2 1 Phantom 0.0 0.0 0.0 0.0 0.0 0.0 0 0.0 0.0 12615680 none 
4 9.74236 -29.8933 14.0043 0.0 7.94 7.94 7.94 0.0 0.0 0.0 0.0 0.01576 2 1 Phantom 0.0 0.0 0.0 0.0 0.0 0.0 0 0.0 0.0 12615680 none 
4 24.0557 -28.5412 5.04591 0.0 7.94 7.94 7.94 0.0 0.0 0.0 0.0 0.01576 2 1 Phantom 0.0 0.0 0.0 0.0 0.0 0.0 0 0.0 0.0 12615680 none 
4 -19.6036 -39.7856 -8.46304 0.0 7.94 7.94 7.94 0.0 0.0 0.0 0.0 0.01576 2 1 Phantom 0.0 0.0 0.0 0.0 0.0 0.0 0 0.0 0.0 12615680 none 
4 -32.4287 -76.9072 5.44621 0.0 7.94 7.94 7.94 0.0 0.0 0.0 0.0 0.01576 2 1 Phantom 0.0 0.0 0.0 0.0 0.0 0.0 0 0.0 0.0 12615680 none 
4 -39.7804 -0.877494 -11.8726 0.0 7.94 7.94 7.94 0.0 0.0 0.0 0.0 0.01576 2 1 Phantom 0.0 0.0 0.0 0.0 0.0 0.0 0 0.0 0.0 12615680 none 
4 7.85834 -55.4457 4.20627 0.0 7.94 7.94 7.94 0.0 0.0 0.0 0.0 0.01576 2 1 Phantom 0.0 0.0 0.0 0.0 0.0 0.0 0 0.0 0.0 12615680 none 
4 -38.0696 6.01814 10.053 0.0 7.94 7.94 7.94 0.0 0.0 0.0 0.0 0.01576 2 1 Phantom 0.0 0.0 0.0 0.0 0.0 0.0 0 0.0 0.0 12615680 none 
4 -13.0911 67.5792 7.97101 0.0 7.94 7.94 7.94 0.0 0.0 0.0 0.0 0.01576 2 1 Phantom 0.0 0.0 0.0 0.0 0.0 0.0 0 0.0 0.0 12615680 none 
4 -3.19944 -69.4983 12.0471 0.0 7.94 7.94 7.94 0.0 0.0 0.0 0.0 0.01576 2 1 Phantom 0.0 0.0 0.0 0.0 0.0 0.0 0 0.0 0.0 12615680 none 
4 23.3044 33.6622 -10.0322 0.0 7.94 7.94 7.94 0.0 0.0 0.0 0.0 0.01576 2 1 Phantom 0.0 0.0 0.0 0.0 0.0 0.0 0 0.0 0.0 12615680 none 
4 -10.7876 36.4934 8.68002 0.0 7.94 7.94 7.94 0.0 0.0 0.0 0.0 0.01576 2 1 Phantom 0.0 0.0 0.0 0.0 0.0 0.0 0 0.0 0.0 12615680 none 
4 0.368645 -50.7184 -9.92854 0.0 7.94 7.94 7.94 0.0 0.0 0.0 0.0 0.01576 2 1 Phantom 0.0 0.0 0.0 0.0 0.0 0.0 0 0.0 0.0 12615680 none 
4 -31.6269 78.9688 -7.46319 0.0 7.94 7.94 7.94 0.0 0.0 0.0 0.0 0.01576 2 1 Phantom 0.0 0.0 0.0 0.0 0.0 0.0 0 0.0 0.0 12615680 none 
4 -6.10803 -72.3289 -11.7383 0.0 7.94 7.94 7.94 0.0 0.0 0.0 0.0 0.01576 2 1 Phantom 0.0 0.0 0.0 0.0 0.0 0.0 0 0.0 0.0 12615680 none 
4 -18.6214 -18.657 12.3254 0.0 7.94 7.94 7.94 0.0 0.0 0.0 0.0 0.01576 2 1 Phantom 0.0 0.0 0.0 0.0 0.0 0.0 0 0.0 0.0 12615680 none 
4 34.1238 -13.7087 7.78886 0.0 7.94 7.94 7.94 0.0 0.0 0.0 0.0 0.01576 2 1 Phantom 0.0 0.0 0.0 0.0 0.0 0.0 0 0.0 0.0 12615680 none 
4 -31.6642 -15.7925 -7.00861 0.0 7.94 7.94 7.94 0.0 0.0 0.0 0.0 0.01576 2 1 Phantom 0.0 0.0 0.0 0.0 0.0 0.0 0 0.0 0.0 12615680 none 
4 -16.718 -41.6801 12.6298 0.0 7.94 7.94 7.94 0.0 0.0 0.0 0.0 0.01576 2 1 Phantom 0.0 0.0 0.0 0.0 0.0 0.0 0 0.0 0.0 12615680 none 
4 -32.2747 -12.2569 12.8702 0.0 6.35 6.35 6.35 0.0 0.0 0.0 0.0 0.01576 2 1 Phantom 0.0 0.0 0.0 0.0 0.0 0.0 0 0.0 0.0 65280 none 
4 11.8905 6.17264 10.9947 0.0 6.35 6.35 6.35 0.0 0.0 0.0 0.0 0.01576 2 1 Phantom 0.0 0.0 0.0 0.0 0.0 0.0 0 0.0 0.0 65280 none 
4 20.4685 49.2344 11.6373 0.0 6.35 6.35 6.35 0.0 0.0 0.0 0.0 0.01576 2 1 Phantom 0.0 0.0 0.0 0.0 0.0 0.0 0 0.0 0.0 65280 none 
4 -18.892 -79.6643 -13.7431 0.0 6.35 6.35 6.35 0.0 0.0 0.0 0.0 0.01576 2 1 Phantom 0.0 0.0 0.0 0.0 0.0 0.0 0 0.0 0.0 65280 none 
4 -28.9204 77.0928 9.93206 0.0 6.35 6.35 6.35 0.0 0.0 0.0 0.0 0.01576 2 1 Phantom 0.0 0.0 0.0 0.0 0.0 0.0 0 0.0 0.0 65280 none 
4 -15.4405 -57.0012 14.1614 0.0 6.35 6.35 6.35 0.0 0.0 0.0 0.0 0.01576 2 1 Phantom 0.0 0.0 0.0 0.0 0.0 0.0 0 0.0 0.0 65280 none 
4 -20.5359 30.8899 -6.01308 0.0 6.35 6.35 6.35 0.0 0.0 0.0 0.0 0.01576 2 1 Phantom 0.0 0.0 0.0 0.0 0.0 0.0 0 0.0 0.0 65280 none 
4 -37.025 48.5163 6.81444 0.0 6.35 6.35 6.35 0.0 0.0 0.0 0.0 0.01576 2 1 Phantom 0.0 0.0 0.0 0.0 0.0 0.0 0 0.0 0.0 65280 none 
4 16.4699 -6.45081 0.816986 0.0 6.35 6.35 6.35 0.0 0.0 0.0 0.0 0.01576 2 1 Phantom 0.0 0.0 0.0 0.0 0.0 0.0 0 0.0 0.0 65280 none 
4 11.6059 55.6742 4.11065 0.0 6.35 6.35 6.35 0.0 0.0 0.0 0.0 0.01576 2 1 Phantom 0.0 0.0 0.0 0.0 0.0 0.0 0 0.0 0.0 65280 none 
4 -27.9585 15.9526 -2.48377 0.0 6.35 6.35 6.35 0.0 0.0 0.0 0.0 0.01576 2 1 Phantom 0.0 0.0 0.0 0.0 0.0 0.0 0 0.0 0.0 65280 none 
4 -0.974213 49.2354 -15.2754 0.0 6.35 6.35 6.35 0.0 0.0 0.0 0.0 0.01576 2 1 Phantom 0.0 0.0 0.0 0.0 0.0 0.0 0 0.0 0.0 65280 none 
4 -6.18097 -11.4691 13.1304 0.0 6.35 6.35 6.35 0.0 0.0 0.0 0.0 0.01576 2 1 Phantom 0.0 0.0 0.0 0.0 0.0 0.0 0 0.0 0.0 65280 none 
4 6.49124 35.118 11.1598 0.0 6.35 6.35 6.35 0.0 0.0 0.0 0.0 0.01576 2 1 Phantom 0.0 0.0 0.0 0.0 0.0 0.0 0 0.0 0.0 65280 none 
4 -33.4317 -65.1777 -13.8363 0.0 6.35 6.35 6.35 0.0 0.0 0.0 0.0 0.01576 2 1 Phantom 0.0 0.0 0.0 0.0 0.0 0.0 0 0.0 0.0 65280 none 
4 -31.2562 64.452 15.4398 0.0 6.35 6.35 6.35 0.0 0.0 0.0 0.0 0.01576 2 1 Phantom 0.0 0.0 0.0 0.0 0.0 0.0 0 0.0 0.0 65280 none 
4 1.99303 69.171 -0.726606 0.0 6.35 6.35 6.35 0.0 0.0 0.0 0.0 0.01576 2 1 Phantom 0.0 0.0 0.0 0.0 0.0 0.0 0 0.0 0.0 65280 none 
4 -7.55453 -31.0193 6.4277 0.0 6.35 6.35 6.35 0.0 0.0 0.0 0.0 0.01576 2 1 Phantom 0.0 0.0 0.0 0.0 0.0 0.0 0 0.0 0.0 65280 none 
4 -13.1945 51.3707 -5.97029 0.0 6.35 6.35 6.35 0.0 0.0 0.0 0.0 0.01576 2 1 Phantom 0.0 0.0 0.0 0.0 0.0 0.0 0 0.0 0.0 65280 none 
4 13.6641 -40.3217 -1.3406 0.0 6.35 6.35 6.35 0.0 0.0 0.0 0.0 0.01576 2 1 Phantom 0.0 0.0 0.0 0.0 0.0 0.0 0 0.0 0.0 65280 none 
4 -29.2722 42.7143 15.9057 0.0 6.35 6.35 6.35 0.0 0.0 0.0 0.0 0.01576 2 1 Phantom 0.0 0.0 0.0 0.0 0.0 0.0 0 0.0 0.0 65280 none 
4 -2.01735 9.26968 9.65044 0.0 6.35 6.35 6.35 0.0 0.0 0.0 0.0 0.01576 2 1 Phantom 0.0 0.0 0.0 0.0 0.0 0.0 0 0.0 0.0 65280 none 
4 33.2815 0.0458011 14.4596 0.0 6.35 6.35 6.35 0.0 0.0 0.0 0.0 0.01576 2 1 Phantom 0.0 0.0 0.0 0.0 0.0 0.0 0 0.0 0.0 65280 none 
4 23.9906 35.2599 13.5831 0.0 6.35 6.35 6.35 0.0 0.0 0.0 0.0 0.01576 2 1 Phantom 0.0 0.0 0.0 0.0 0.0 0.0 0 0.0 0.0 65280 none 
4 9.42695 61.5216 -9.06936 0.0 6.35 6.35 6.35 0.0 0.0 0.0 0.0 0.01576 2 1 Phantom 0.0 0.0 0.0 0.0 0.0 0.0 0 0.0 0.0 65280 none 
4 31.4957 -1.20431 -13.7103 0.0 6.35 6.35 6.35 0.0 0.0 0.0 0.0 0.01576 2 1 Phantom 0.0 0.0 0.0 0.0 0.0 0.0 0 0.0 0.0 65280 none 
4 -37.7863 24.0848 15.3324 0.0 6.35 6.35 6.35 0.0 0.0 0.0 0.0 0.01576 2 1 Phantom 0.0 0.0 0.0 0.0 0.0 0.0 0 0.0 0.0 65280 none 
4 30.0446 -15.1103 -15.4568 0.0 6.35 6.35 6.35 0.0 0.0 0.0 0.0 0.01576 2 1 Phantom 0.0 0.0 0.0 0.0 0.0 0.0 0 0.0 0.0 65280 none 
4 -35.3725 34.7228 -5.41114 0.0 6.35 6.35 6.35 0.0 0.0 0.0 0.0 0.01576 2 1 Phantom 0.0 0.0 0.0 0.0 0.0 0.0 0 0.0 0.0 65280 none 
4 -6.29207 53.1231 10.8764 0.0 6.35 6.35 6.35 0.0 0.0 0.0 0.0 0.01576 2 1 Phantom 0.0 0.0 0.0 0.0 0.0 0.0 0 0.0 0.0 65280 none 
4 14.8499 3.56837 -8.48156 0.0 6.35 6.35 6.35 0.0 0.0 0.0 0.0 0.01576 2 1 Phantom 0.0 0.0 0.0 0.0 0.0 0.0 0 0.0 0.0 65280 none 
4 -37.1387 -40.1885 -10.1419 0.0 6.35 6.35 6.35 0.0 0.0 0.0 0.0 0.01576 2 1 Phantom 0.0 0.0 0.0 0.0 0.0 0.0 0 0.0 0.0 65280 none 
4 27.7305 14.5168 -6.15839 0.0 6.35 6.35 6.35 0.0 0.0 0.0 0.0 0.01576 2 1 Phantom 0.0 0.0 0.0 0.0 0.0 0.0 0 0.0 0.0 65280 none 
4 5.97438 59.9454 15.8744 0.0 6.35 6.35 6.35 0.0 0.0 0.0 0.0 0.01576 2 1 Phantom 0.0 0.0 0.0 0.0 0.0 0.0 0 0.0 0.0 65280 none 
4 -41.1229 82.4452 12.7558 0.0 6.35 6.35 6.35 0.0 0.0 0.0 0.0 0.01576 2 1 Phantom 0.0 0.0 0.0 0.0 0.0 0.0 0 0.0 0.0 65280 none 
4 31.7857 17.2463 15.2151 0.0 6.35 6.35 6.35 0.0 0.0 0.0 0.0 0.01576 2 1 Phantom 0.0 0.0 0.0 0.0 0.0 0.0 0 0.0 0.0 65280 none 
4 -35.4068 47.9193 -11.9379 0.0 6.35 6.35 6.35 0.0 0.0 0.0 0.0 0.01576 2 1 Phantom 0.0 0.0 0.0 0.0 0.0 0.0 0 0.0 0.0 65280 none 
4 -37.4183 63.9461 -1.25184 0.0 6.35 6.35 6.35 0.0 0.0 0.0 0.0 0.01576 2 1 Phantom 0.0 0.0 0.0 0.0 0.0 0.0 0 0.0 0.0 65280 none 
4 -14.3093 17.3838 -15.7297 0.0 6.35 6.35 6.35 0.0 0.0 0.0 0.0 0.01576 2 1 Phantom 0.0 0.0 0.0 0.0 0.0 0.0 0 0.0 0.0 65280 none 
4 21.7859 -26.9254 -10.0746 0.0 6.35 6.35 6.35 0.0 0.0 0.0 0.0 0.01576 2 1 Phantom 0.0 0.0 0.0 0.0 0.0 0.0 0 0.0 0.0 65280 none 
4 -12.7332 71.5094 -6.03494 0.0 6.35 6.35 6.35 0.0 0.0 0.0 0.0 0.01576 2 1 Phantom 0.0 0.0 0.0 0.0 0.0 0.0 0 0.0 0.0 65280 none 
4 -37.086 63.8678 -14.7771 0.0 6.35 6.35 6.35 0.0 0.0 0.0 0.0 0.01576 2 1 Phantom 0.0 0.0 0.0 0.0 0.0 0.0 0 0.0 0.0 65280 none 
4 -18.2307 -75.8844 9.24057 0.0 6.35 6.35 6.35 0.0 0.0 0.0 0.0 0.01576 2 1 Phantom 0.0 0.0 0.0 0.0 0.0 0.0 0 0.0 0.0 65280 none 
4 7.86773 -12.0425 10.8376 0.0 6.35 6.35 6.35 0.0 0.0 0.0 0.0 0.01576 2 1 Phantom 0.0 0.0 0.0 0.0 0.0 0.0 0 0.0 0.0 65280 none 
4 20.1561 49.2681 -9.2037 0.0 6.35 6.35 6.35 0.0 0.0 0.0 0.0 0.01576 2 1 Phantom 0.0 0.0 0.0 0.0 0.0 0.0 0 0.0 0.0 65280 none 
4 4.85951 27.2038 -5.1811 0.0 6.35 6.35 6.35 0.0 0.0 0.0 0.0 0.01576 2 1 Phantom 0.0 0.0 0.0 0.0 0.0 0.0 0 0.0 0.0 65280 none 
4 12.6558 42.9073 0.698535 0.0 6.35 6.35 6.35 0.0 0.0 0.0 0.0 0.01576 2 1 Phantom 0.0 0.0 0.0 0.0 0.0 0.0 0 0.0 0.0 65280 none 
4 -21.2619 -0.200464 12.6706 0.0 6.35 6.35 6.35 0.0 0.0 0.0 0.0 0.01576 2 1 Phantom 0.0 0.0 0.0 0.0 0.0 0.0 0 0.0 0.0 65280 none 
4 -30.0556 -28.4312 -15.5896 0.0 6.35 6.35 6.35 0.0 0.0 0.0 0.0 0.01576 2 1 Phantom 0.0 0.0 0.0 0.0 0.0 0.0 0 0.0 0.0 65280 none 
4 -31.851 -49.8519 16.0197 0.0 6.35 6.35 6.35 0.0 0.0 0.0 0.0 0.01576 2 1 Phantom 0.0 0.0 0.0 0.0 0.0 0.0 0 0.0 0.0 65280 none 
4 -21.9093 41.5763 -14.3599 0.0 6.35 6.35 6.35 0.0 0.0 0.0 0.0 0.01576 2 1 Phantom 0.0 0.0 0.0 0.0 0.0 0.0 0 0.0 0.0 65280 none 
4 -41.521 24.1208 1.31916 0.0 6.35 6.35 6.35 0.0 0.0 0.0 0.0 0.01576 2 1 Phantom 0.0 0.0 0.0 0.0 0.0 0.0 0 0.0 0.0 65280 none 
4 8.3353 13.8033 -14.2727 0.0 6.35 6.35 6.35 0.0 0.0 0.0 0.0 0.01576 2 1 Phantom 0.0 0.0 0.0 0.0 0.0 0.0 0 0.0 0.0 65280 none 
4 -6.81677 -39.2212 -16.0053 0.0 6.35 6.35 6.35 0.0 0.0 0.0 0.0 0.01576 2 1 Phantom 0.0 0.0 0.0 0.0 0.0 0.0 0 0.0 0.0 65280 none 
4 12.9896 -11.5962 -15.7504 0.0 6.35 6.35 6.35 0.0 0.0 0.0 0.0 0.01576 2 1 Phantom 0.0 0.0 0.0 0.0 0.0 0.0 0 0.0 0.0 65280 none 
4 17.1059 -52.1232 -12.2153 0.0 6.35 6.35 6.35 0.0 0.0 0.0 0.0 0.01576 2 1 Phantom 0.0 0.0 0.0 0.0 0.0 0.0 0 0.0 0.0 65280 none 
4 -8.17041 35.807 -6.55687 0.0 6.35 6.35 6.35 0.0 0.0 0.0 0.0 0.01576 2 1 Phantom 0.0 0.0 0.0 0.0 0.0 0.0 0 0.0 0.0 65280 none 
4 -11.4699 -8.30979 -17.5693 0.0 4.76 4.76 4.76 0.0 0.0 0.0 0.0 0.01576 2 1 Phantom 0.0 0.0 0.0 0.0 0.0 0.0 0 0.0 0.0 16711680 none 
4 -28.6916 -65.4963 15.3164 0.0 4.76 4.76 4.76 0.0 0.0 0.0 0.0 0.01576 2 1 Phantom 0.0 0.0 0.0 0.0 0.0 0.0 0 0.0 0.0 16711680 none 
4 -28.6376 29.2677 5.19155 0.0 4.76 4.76 4.76 0.0 0.0 0.0 0.0 0.01576 2 1 Phantom 0.0 0.0 0.0 0.0 0.0 0.0 0 0.0 0.0 16711680 none 
4 23.6232 2.68717 3.56549 0.0 4.76 4.76 4.76 0.0 0.0 0.0 0.0 0.01576 2 1 Phantom 0.0 0.0 0.0 0.0 0.0 0.0 0 0.0 0.0 16711680 none 
4 -9.83178 22.7632 15.2738 0.0 4.76 4.76 4.76 0.0 0.0 0.0 0.0 0.01576 2 1 Phantom 0.0 0.0 0.0 0.0 0.0 0.0 0 0.0 0.0 16711680 none 
4 -18.0596 -6.93164 1.11914 0.0 4.76 4.76 4.76 0.0 0.0 0.0 0.0 0.01576 2 1 Phantom 0.0 0.0 0.0 0.0 0.0 0.0 0 0.0 0.0 16711680 none 
4 -12.0298 4.99623 5.28323 0.0 4.76 4.76 4.76 0.0 0.0 0.0 0.0 0.01576 2 1 Phantom 0.0 0.0 0.0 0.0 0.0 0.0 0 0.0 0.0 16711680 none 
4 -43.08 73.1077 3.69896 0.0 4.76 4.76 4.76 0.0 0.0 0.0 0.0 0.01576 2 1 Phantom 0.0 0.0 0.0 0.0 0.0 0.0 0 0.0 0.0 16711680 none 
4 -34.0259 -32.6167 15.9818 0.0 4.76 4.76 4.76 0.0 0.0 0.0 0.0 0.01576 2 1 Phantom 0.0 0.0 0.0 0.0 0.0 0.0 0 0.0 0.0 16711680 none 
4 0.969546 -51.7911 15.4314 0.0 4.76 4.76 4.76 0.0 0.0 0.0 0.0 0.01576 2 1 Phantom 0.0 0.0 0.0 0.0 0.0 0.0 0 0.0 0.0 16711680 none 
4 -12.2023 -52.0331 -16.8321 0.0 4.76 4.76 4.76 0.0 0.0 0.0 0.0 0.01576 2 1 Phantom 0.0 0.0 0.0 0.0 0.0 0.0 0 0.0 0.0 16711680 none 
4 -35.5346 18.8698 -15.1814 0.0 4.76 4.76 4.76 0.0 0.0 0.0 0.0 0.01576 2 1 Phantom 0.0 0.0 0.0 0.0 0.0 0.0 0 0.0 0.0 16711680 none 
4 -39.16 -75.2041 17.2725 0.0 4.76 4.76 4.76 0.0 0.0 0.0 0.0 0.01576 2 1 Phantom 0.0 0.0 0.0 0.0 0.0 0.0 0 0.0 0.0 16711680 none 
4 -24.0323 71.9821 0.997625 0.0 4.76 4.76 4.76 0.0 0.0 0.0 0.0 0.01576 2 1 Phantom 0.0 0.0 0.0 0.0 0.0 0.0 0 0.0 0.0 16711680 none 
4 -14.6827 -24.8235 -4.37115 0.0 4.76 4.76 4.76 0.0 0.0 0.0 0.0 0.01576 2 1 Phantom 0.0 0.0 0.0 0.0 0.0 0.0 0 0.0 0.0 16711680 none 
4 -18.8601 -9.35779 -11.6321 0.0 4.76 4.76 4.76 0.0 0.0 0.0 0.0 0.01576 2 1 Phantom 0.0 0.0 0.0 0.0 0.0 0.0 0 0.0 0.0 16711680 none 
4 35.7965 21.2845 -15.0838 0.0 4.76 4.76 4.76 0.0 0.0 0.0 0.0 0.01576 2 1 Phantom 0.0 0.0 0.0 0.0 0.0 0.0 0 0.0 0.0 16711680 none 
4 -16.6488 -65.1846 -14.29 0.0 4.76 4.76 4.76 0.0 0.0 0.0 0.0 0.01576 2 1 Phantom 0.0 0.0 0.0 0.0 0.0 0.0 0 0.0 0.0 16711680 none 
4 2.84769 -40.1772 2.715 0.0 4.76 4.76 4.76 0.0 0.0 0.0 0.0 0.01576 2 1 Phantom 0.0 0.0 0.0 0.0 0.0 0.0 0 0.0 0.0 16711680 none 
4 -42.9116 -26.9605 0.35119 0.0 4.76 4.76 4.76 0.0 0.0 0.0 0.0 0.01576 2 1 Phantom 0.0 0.0 0.0 0.0 0.0 0.0 0 0.0 0.0 16711680 none 
4 -23.2878 52.8156 4.65646 0.0 4.76 4.76 4.76 0.0 0.0 0.0 0.0 0.01576 2 1 Phantom 0.0 0.0 0.0 0.0 0.0 0.0 0 0.0 0.0 16711680 none 
4 -1.1126 52.1431 -3.50603 0.0 4.76 4.76 4.76 0.0 0.0 0.0 0.0 0.01576 2 1 Phantom 0.0 0.0 0.0 0.0 0.0 0.0 0 0.0 0.0 16711680 none 
4 -31.8132 -56.9379 -3.00002 0.0 4.76 4.76 4.76 0.0 0.0 0.0 0.0 0.01576 2 1 Phantom 0.0 0.0 0.0 0.0 0.0 0.0 0 0.0 0.0 16711680 none 
4 -32.5094 -82.7456 -8.30754 0.0 4.76 4.76 4.76 0.0 0.0 0.0 0.0 0.01576 2 1 Phantom 0.0 0.0 0.0 0.0 0.0 0.0 0 0.0 0.0 16711680 none 
4 -26.337 -83.3531 17.1196 0.0 4.76 4.76 4.76 0.0 0.0 0.0 0.0 0.01576 2 1 Phantom 0.0 0.0 0.0 0.0 0.0 0.0 0 0.0 0.0 16711680 none 
4 30.543 25.448 -1.0174 0.0 4.76 4.76 4.76 0.0 0.0 0.0 0.0 0.01576 2 1 Phantom 0.0 0.0 0.0 0.0 0.0 0.0 0 0.0 0.0 16711680 none 
4 -42.6516 -70.5581 -2.57614 0.0 4.76 4.76 4.76 0.0 0.0 0.0 0.0 0.01576 2 1 Phantom 0.0 0.0 0.0 0.0 0.0 0.0 0 0.0 0.0 16711680 none 
4 -17.9983 73.6076 -16.8681 0.0 4.76 4.76 4.76 0.0 0.0 0.0 0.0 0.01576 2 1 Phantom 0.0 0.0 0.0 0.0 0.0 0.0 0 0.0 0.0 16711680 none 
4 23.5701 -43.3376 9.07745 0.0 4.76 4.76 4.76 0.0 0.0 0.0 0.0 0.01576 2 1 Phantom 0.0 0.0 0.0 0.0 0.0 0.0 0 0.0 0.0 16711680 none 
4 -0.774308 -13.1376 -16.4802 0.0 4.76 4.76 4.76 0.0 0.0 0.0 0.0 0.01576 2 1 Phantom 0.0 0.0 0.0 0.0 0.0 0.0 0 0.0 0.0 16711680 none 
4 -43.0509 43.6831 -2.74121 0.0 4.76 4.76 4.76 0.0 0.0 0.0 0.0 0.01576 2 1 Phantom 0.0 0.0 0.0 0.0 0.0 0.0 0 0.0 0.0 16711680 none 
4 -12.6456 6.29598 16.373 0.0 4.76 4.76 4.76 0.0 0.0 0.0 0.0 0.01576 2 1 Phantom 0.0 0.0 0.0 0.0 0.0 0.0 0 0.0 0.0 16711680 none 
4 -0.887009 21.9353 9.49069 0.0 4.76 4.76 4.76 0.0 0.0 0.0 0.0 0.01576 2 1 Phantom 0.0 0.0 0.0 0.0 0.0 0.0 0 0.0 0.0 16711680 none 
4 12.6589 -34.7568 -11.3783 0.0 4.76 4.76 4.76 0.0 0.0 0.0 0.0 0.01576 2 1 Phantom 0.0 0.0 0.0 0.0 0.0 0.0 0 0.0 0.0 16711680 none 
4 -41.0969 75.3056 -15.9322 0.0 4.76 4.76 4.76 0.0 0.0 0.0 0.0 0.01576 2 1 Phantom 0.0 0.0 0.0 0.0 0.0 0.0 0 0.0 0.0 16711680 none 
4 -8.59352 -45.2652 1.95669 0.0 4.76 4.76 4.76 0.0 0.0 0.0 0.0 0.01576 2 1 Phantom 0.0 0.0 0.0 0.0 0.0 0.0 0 0.0 0.0 16711680 none 
4 -2.78403 -1.20455 4.73933 0.0 4.76 4.76 4.76 0.0 0.0 0.0 0.0 0.01576 2 1 Phantom 0.0 0.0 0.0 0.0 0.0 0.0 0 0.0 0.0 16711680 none 
4 19.4796 -40.6867 17.5136 0.0 4.76 4.76 4.76 0.0 0.0 0.0 0.0 0.01576 2 1 Phantom 0.0 0.0 0.0 0.0 0.0 0.0 0 0.0 0.0 16711680 none 
4 0.124595 -0.782402 15.9441 0.0 4.76 4.76 4.76 0.0 0.0 0.0 0.0 0.01576 2 1 Phantom 0.0 0.0 0.0 0.0 0.0 0.0 0 0.0 0.0 16711680 none 
4 -33.3713 -52.5439 -17.1885 0.0 4.76 4.76 4.76 0.0 0.0 0.0 0.0 0.01576 2 1 Phantom 0.0 0.0 0.0 0.0 0.0 0.0 0 0.0 0.0 16711680 none 
4 34.8901 16.0398 2.7529 0.0 4.76 4.76 4.76 0.0 0.0 0.0 0.0 0.01576 2 1 Phantom 0.0 0.0 0.0 0.0 0.0 0.0 0 0.0 0.0 16711680 none 
4 -25.6108 -68.5384 -6.24691 0.0 4.76 4.76 4.76 0.0 0.0 0.0 0.0 0.01576 2 1 Phantom 0.0 0.0 0.0 0.0 0.0 0.0 0 0.0 0.0 16711680 none 
4 5.52874 -63.1813 -11.2363 0.0 4.76 4.76 4.76 0.0 0.0 0.0 0.0 0.01576 2 1 Phantom 0.0 0.0 0.0 0.0 0.0 0.0 0 0.0 0.0 16711680 none 
4 8.81923 35.2969 -13.6902 0.0 4.76 4.76 4.76 0.0 0.0 0.0 0.0 0.01576 2 1 Phantom 0.0 0.0 0.0 0.0 0.0 0.0 0 0.0 0.0 16711680 none 
4 -41.686 -21.6024 13.4605 0.0 4.76 4.76 4.76 0.0 0.0 0.0 0.0 0.01576 2 1 Phantom 0.0 0.0 0.0 0.0 0.0 0.0 0 0.0 0.0 16711680 none 
4 -6.714 75.3023 -15.2765 0.0 4.76 4.76 4.76 0.0 0.0 0.0 0.0 0.01576 2 1 Phantom 0.0 0.0 0.0 0.0 0.0 0.0 0 0.0 0.0 16711680 none 
4 -3.7728 60.1061 -15.3723 0.0 4.76 4.76 4.76 0.0 0.0 0.0 0.0 0.01576 2 1 Phantom 0.0 0.0 0.0 0.0 0.0 0.0 0 0.0 0.0 16711680 none 
4 -41.1838 43.3299 17.3813 0.0 4.76 4.76 4.76 0.0 0.0 0.0 0.0 0.01576 2 1 Phantom 0.0 0.0 0.0 0.0 0.0 0.0 0 0.0 0.0 16711680 none 
4 -31.7392 0.439824 -0.840996 0.0 4.76 4.76 4.76 0.0 0.0 0.0 0.0 0.01576 2 1 Phantom 0.0 0.0 0.0 0.0 0.0 0.0 0 0.0 0.0 16711680 none 
4 -41.4023 -61.5168 6.26513 0.0 4.76 4.76 4.76 0.0 0.0 0.0 0.0 0.01576 2 1 Phantom 0.0 0.0 0.0 0.0 0.0 0.0 0 0.0 0.0 16711680 none 
4 -28.6503 40.1758 2.36099 0.0 4.76 4.76 4.76 0.0 0.0 0.0 0.0 0.01576 2 1 Phantom 0.0 0.0 0.0 0.0 0.0 0.0 0 0.0 0.0 16711680 none 
4 22.7408 17.6921 -16.2999 0.0 4.76 4.76 4.76 0.0 0.0 0.0 0.0 0.01576 2 1 Phantom 0.0 0.0 0.0 0.0 0.0 0.0 0 0.0 0.0 16711680 none 
4 24.8541 -23.2227 17.6611 0.0 4.76 4.76 4.76 0.0 0.0 0.0 0.0 0.01576 2 1 Phantom 0.0 0.0 0.0 0.0 0.0 0.0 0 0.0 0.0 16711680 none 
4 13.4123 25.6164 -13.7995 0.0 4.76 4.76 4.76 0.0 0.0 0.0 0.0 0.01576 2 1 Phantom 0.0 0.0 0.0 0.0 0.0 0.0 0 0.0 0.0 16711680 none 
4 -43.383 -19.7927 -16.3776 0.0 4.76 4.76 4.76 0.0 0.0 0.0 0.0 0.01576 2 1 Phantom 0.0 0.0 0.0 0.0 0.0 0.0 0 0.0 0.0 16711680 none 
4 -13.3375 -77.4943 -2.64615 0.0 4.76 4.76 4.76 0.0 0.0 0.0 0.0 0.01576 2 1 Phantom 0.0 0.0 0.0 0.0 0.0 0.0 0 0.0 0.0 16711680 none 
4 10.5207 -44.3805 11.5281 0.0 4.76 4.76 4.76 0.0 0.0 0.0 0.0 0.01576 2 1 Phantom 0.0 0.0 0.0 0.0 0.0 0.0 0 0.0 0.0 16711680 none 
4 -15.5189 79.6967 17.4775 0.0 4.76 4.76 4.76 0.0 0.0 0.0 0.0 0.01576 2 1 Phantom 0.0 0.0 0.0 0.0 0.0 0.0 0 0.0 0.0 16711680 none 
4 -24.3548 5.65984 2.8297 0.0 4.76 4.76 4.76 0.0 0.0 0.0 0.0 0.01576 2 1 Phantom 0.0 0.0 0.0 0.0 0.0 0.0 0 0.0 0.0 16711680 none 
4 25.1171 -10.2568 -6.13842 0.0 4.76 4.76 4.76 0.0 0.0 0.0 0.0 0.01576 2 1 Phantom 0.0 0.0 0.0 0.0 0.0 0.0 0 0.0 0.0 16711680 none 
4 25.3969 -43.1464 -1.57439 0.0 4.76 4.76 4.76 0.0 0.0 0.0 0.0 0.01576 2 1 Phantom 0.0 0.0 0.0 0.0 0.0 0.0 0 0.0 0.0 16711680 none 
4 -41.3315 36.3675 9.06947 0.0 4.76 4.76 4.76 0.0 0.0 0.0 0.0 0.01576 2 1 Phantom 0.0 0.0 0.0 0.0 0.0 0.0 0 0.0 0.0 16711680 none 
4 -18.4301 46.886 14.3927 0.0 4.76 4.76 4.76 0.0 0.0 0.0 0.0 0.01576 2 1 Phantom 0.0 0.0 0.0 0.0 0.0 0.0 0 0.0 0.0 16711680 none 
4 -2.09308 -23.2962 14.326 0.0 4.76 4.76 4.76 0.0 0.0 0.0 0.0 0.01576 2 1 Phantom 0.0 0.0 0.0 0.0 0.0 0.0 0 0.0 0.0 16711680 none 
4 -23.9761 -51.2948 -15.1005 0.0 4.76 4.76 4.76 0.0 0.0 0.0 0.0 0.01576 2 1 Phantom 0.0 0.0 0.0 0.0 0.0 0.0 0 0.0 0.0 16711680 none 
4 -24.9214 26.0983 -15.9292 0.0 4.76 4.76 4.76 0.0 0.0 0.0 0.0 0.01576 2 1 Phantom 0.0 0.0 0.0 0.0 0.0 0.0 0 0.0 0.0 16711680 none 
4 -43.1361 -7.76501 7.20621 0.0 4.76 4.76 4.76 0.0 0.0 0.0 0.0 0.01576 2 1 Phantom 0.0 0.0 0.0 0.0 0.0 0.0 0 0.0 0.0 16711680 none 
4 20.3583 -2.09576 15.8417 0.0 4.76 4.76 4.76 0.0 0.0 0.0 0.0 0.01576 2 1 Phantom 0.0 0.0 0.0 0.0 0.0 0.0 0 0.0 0.0 16711680 none 
4 16.6933 18.1636 -7.92214 0.0 4.76 4.76 4.76 0.0 0.0 0.0 0.0 0.01576 2 1 Phantom 0.0 0.0 0.0 0.0 0.0 0.0 0 0.0 0.0 16711680 none 
4 26.4738 -41.2568 -14.8091 0.0 4.76 4.76 4.76 0.0 0.0 0.0 0.0 0.01576 2 1 Phantom 0.0 0.0 0.0 0.0 0.0 0.0 0 0.0 0.0 16711680 none 
4 -14.8129 63.541 -16.6167 0.0 4.76 4.76 4.76 0.0 0.0 0.0 0.0 0.01576 2 1 Phantom 0.0 0.0 0.0 0.0 0.0 0.0 0 0.0 0.0 16711680 none 
4 -41.3874 -76.0213 -15.6907 0.0 4.76 4.76 4.76 0.0 0.0 0.0 0.0 0.01576 2 1 Phantom 0.0 0.0 0.0 0.0 0.0 0.0 0 0.0 0.0 16711680 none 
4 7.86093 -25.336 -15.7095 0.0 4.76 4.76 4.76 0.0 0.0 0.0 0.0 0.01576 2 1 Phantom 0.0 0.0 0.0 0.0 0.0 0.0 0 0.0 0.0 16711680 none 
4 -41.973 -84.9086 14.8972 0.0 4.76 4.76 4.76 0.0 0.0 0.0 0.0 0.01576 2 1 Phantom 0.0 0.0 0.0 0.0 0.0 0.0 0 0.0 0.0 16711680 none 
4 -10.848 -26.8147 -16.0281 0.0 4.76 4.76 4.76 0.0 0.0 0.0 0.0 0.01576 2 1 Phantom 0.0 0.0 0.0 0.0 0.0 0.0 0 0.0 0.0 16711680 none 
4 36.5805 3.83945 -2.4802 0.0 4.76 4.76 4.76 0.0 0.0 0.0 0.0 0.01576 2 1 Phantom 0.0 0.0 0.0 0.0 0.0 0.0 0 0.0 0.0 16711680 none 
4 -41.939 -60.2642 -3.80796 0.0 4.76 4.76 4.76 0.0 0.0 0.0 0.0 0.01576 2 1 Phantom 0.0 0.0 0.0 0.0 0.0 0.0 0 0.0 0.0 16711680 none 
4 -42.2656 -50.7942 -11.4366 0.0 4.76 4.76 4.76 0.0 0.0 0.0 0.0 0.01576 2 1 Phantom 0.0 0.0 0.0 0.0 0.0 0.0 0 0.0 0.0 16711680 none 
4 13.895 -58.9735 17.6045 0.0 4.76 4.76 4.76 0.0 0.0 0.0 0.0 0.01576 2 1 Phantom 0.0 0.0 0.0 0.0 0.0 0.0 0 0.0 0.0 16711680 none 
4 -17.0787 81.2483 3.17496 0.0 4.76 4.76 4.76 0.0 0.0 0.0 0.0 0.01576 2 1 Phantom 0.0 0.0 0.0 0.0 0.0 0.0 0 0.0 0.0 16711680 none 
4 22.7552 10.5465 9.2188 0.0 4.76 4.76 4.76 0.0 0.0 0.0 0.0 0.01576 2 1 Phantom 0.0 0.0 0.0 0.0 0.0 0.0 0 0.0 0.0 16711680 none 
4 -6.58699 -60.4783 -16.914 0.0 4.76 4.76 4.76 0.0 0.0 0.0 0.0 0.01576 2 1 Phantom 0.0 0.0 0.0 0.0 0.0 0.0 0 0.0 0.0 16711680 none 
4 -15.7027 31.6703 -16.4148 0.0 4.76 4.76 4.76 0.0 0.0 0.0 0.0 0.01576 2 1 Phantom 0.0 0.0 0.0 0.0 0.0 0.0 0 0.0 0.0 16711680 none 
4 -19.4509 59.3856 17.7163 0.0 4.76 4.76 4.76 0.0 0.0 0.0 0.0 0.01576 2 1 Phantom 0.0 0.0 0.0 0.0 0.0 0.0 0 0.0 0.0 16711680 none 
4 -41.8468 -64.4292 16.5038 0.0 4.76 4.76 4.76 0.0 0.0 0.0 0.0 0.01576 2 1 Phantom 0.0 0.0 0.0 0.0 0.0 0.0 0 0.0 0.0 16711680 none 
4 -42.1457 -14.4106 0.459653 0.0 4.76 4.76 4.76 0.0 0.0 0.0 0.0 0.01576 2 1 Phantom 0.0 0.0 0.0 0.0 0.0 0.0 0 0.0 0.0 16711680 none 
4 -2.89508 25.6659 -14.5755 0.0 4.76 4.76 4.76 0.0 0.0 0.0 0.0 0.01576 2 1 Phantom 0.0 0.0 0.0 0.0 0.0 0.0 0 0.0 0.0 16711680 none 
4 -41.1082 32.137 -16.648 0.0 4.76 4.76 4.76 0.0 0.0 0.0 0.0 0.01576 2 1 Phantom 0.0 0.0 0.0 0.0 0.0 0.0 0 0.0 0.0 16711680 none 
4 -38.6548 -4.42829 17.7307 0.0 4.76 4.76 4.76 0.0 0.0 0.0 0.0 0.01576 2 1 Phantom 0.0 0.0 0.0 0.0 0.0 0.0 0 0.0 0.0 16711680 none 
4 0.827862 -63.9588 -2.69137 0.0 4.76 4.76 4.76 0.0 0.0 0.0 0.0 0.01576 2 1 Phantom 0.0 0.0 0.0 0.0 0.0 0.0 0 0.0 0.0 16711680 none 
4 -1.00762 -39.7747 12.9187 0.0 4.76 4.76 4.76 0.0 0.0 0.0 0.0 0.01576 2 1 Phantom 0.0 0.0 0.0 0.0 0.0 0.0 0 0.0 0.0 16711680 none 
4 31.1266 -23.8112 -4.52992 0.0 4.76 4.76 4.76 0.0 0.0 0.0 0.0 0.01576 2 1 Phantom 0.0 0.0 0.0 0.0 0.0 0.0 0 0.0 0.0 16711680 none 
4 -7.39158 0.668299 -16.463 0.0 4.76 4.76 4.76 0.0 0.0 0.0 0.0 0.01576 2 1 Phantom 0.0 0.0 0.0 0.0 0.0 0.0 0 0.0 0.0 16711680 none 
4 17.4307 13.5758 17.2007 0.0 4.76 4.76 4.76 0.0 0.0 0.0 0.0 0.01576 2 1 Phantom 0.0 0.0 0.0 0.0 0.0 0.0 0 0.0 0.0 16711680 none 
4 0.783945 42.0657 -0.408544 0.0 4.76 4.76 4.76 0.0 0.0 0.0 0.0 0.01576 2 1 Phantom 0.0 0.0 0.0 0.0 0.0 0.0 0 0.0 0.0 16711680 none 
4 -41.8533 65.4137 9.75816 0.0 4.76 4.76 4.76 0.0 0.0 0.0 0.0 0.01576 2 1 Phantom 0.0 0.0 0.0 0.0 0.0 0.0 0 0.0 0.0 16711680 none 
4 -42.71 -85.4452 -7.70946 0.0 4.76 4.76 4.76 0.0 0.0 0.0 0.0 0.01576 2 1 Phantom 0.0 0.0 0.0 0.0 0.0 0.0 0 0.0 0.0 16711680 none 
4 20.9926 -51.7269 0.898003 0.0 4.76 4.76 4.76 0.0 0.0 0.0 0.0 0.01576 2 1 Phantom 0.0 0.0 0.0 0.0 0.0 0.0 0 0.0 0.0 16711680 none 
4 -25.4256 -47.5301 1.95539 0.0 4.76 4.76 4.76 0.0 0.0 0.0 0.0 0.01576 2 1 Phantom 0.0 0.0 0.0 0.0 0.0 0.0 0 0.0 0.0 16711680 none 
4 -16.0208 -19.1335 -13.3544 0.0 4.76 4.76 4.76 0.0 0.0 0.0 0.0 0.01576 2 1 Phantom 0.0 0.0 0.0 0.0 0.0 0.0 0 0.0 0.0 16711680 none 
4 -14.022 50.6359 -17.2157 0.0 4.76 4.76 4.76 0.0 0.0 0.0 0.0 0.01576 2 1 Phantom 0.0 0.0 0.0 0.0 0.0 0.0 0 0.0 0.0 16711680 none 
4 7.66194 -7.09088 -6.35392 0.0 4.76 4.76 4.76 0.0 0.0 0.0 0.0 0.01576 2 1 Phantom 0.0 0.0 0.0 0.0 0.0 0.0 0 0.0 0.0 16711680 none 
4 10.6174 -16.5994 0.113401 0.0 4.76 4.76 4.76 0.0 0.0 0.0 0.0 0.01576 2 1 Phantom 0.0 0.0 0.0 0.0 0.0 0.0 0 0.0 0.0 16711680 none 
4 5.49096 18.8213 16.0362 0.0 4.76 4.76 4.76 0.0 0.0 0.0 0.0 0.01576 2 1 Phantom 0.0 0.0 0.0 0.0 0.0 0.0 0 0.0 0.0 16711680 none 
4 17.0854 32.9519 4.79087 0.0 4.76 4.76 4.76 0.0 0.0 0.0 0.0 0.01576 2 1 Phantom 0.0 0.0 0.0 0.0 0.0 0.0 0 0.0 0.0 16711680 none 
4 16.4669 -18.7626 15.0308 0.0 4.76 4.76 4.76 0.0 0.0 0.0 0.0 0.01576 2 1 Phantom 0.0 0.0 0.0 0.0 0.0 0.0 0 0.0 0.0 16711680 none 
4 32.4137 -29.9998 -17.7058 0.0 4.76 4.76 4.76 0.0 0.0 0.0 0.0 0.01576 2 1 Phantom 0.0 0.0 0.0 0.0 0.0 0.0 0 0.0 0.0 16711680 none 
4 -43.0809 -86.3584 5.21927 0.0 4.76 4.76 4.76 0.0 0.0 0.0 0.0 0.01576 2 1 Phantom 0.0 0.0 0.0 0.0 0.0 0.0 0 0.0 0.0 16711680 none 
4 25.5054 -10.311 17.5606 0.0 4.76 4.76 4.76 0.0 0.0 0.0 0.0 0.01576 2 1 Phantom 0.0 0.0 0.0 0.0 0.0 0.0 0 0.0 0.0 16711680 none 
4 24.9062 40.1598 2.50392 0.0 4.76 4.76 4.76 0.0 0.0 0.0 0.0 0.01576 2 1 Phantom 0.0 0.0 0.0 0.0 0.0 0.0 0 0.0 0.0 16711680 none 
4 -5.36119 75.4989 16.674 0.0 4.76 4.76 4.76 0.0 0.0 0.0 0.0 0.01576 2 1 Phantom 0.0 0.0 0.0 0.0 0.0 0.0 0 0.0 0.0 16711680 none 
4 -42.3872 -27.0464 -9.18769 0.0 4.76 4.76 4.76 0.0 0.0 0.0 0.0 0.01576 2 1 Phantom 0.0 0.0 0.0 0.0 0.0 0.0 0 0.0 0.0 16711680 none 
4 5.38674 -39.8966 -17.2997 0.0 4.76 4.76 4.76 0.0 0.0 0.0 0.0 0.01576 2 1 Phantom 0.0 0.0 0.0 0.0 0.0 0.0 0 0.0 0.0 16711680 none 
4 -24.8014 63.0876 5.33404 0.0 4.76 4.76 4.76 0.0 0.0 0.0 0.0 0.01576 2 1 Phantom 0.0 0.0 0.0 0.0 0.0 0.0 0 0.0 0.0 16711680 none 
4 7.51466 48.2545 16.8008 0.0 4.76 4.76 4.76 0.0 0.0 0.0 0.0 0.01576 2 1 Phantom 0.0 0.0 0.0 0.0 0.0 0.0 0 0.0 0.0 16711680 none 
4 21.9942 23.7163 16.8477 0.0 4.76 4.76 4.76 0.0 0.0 0.0 0.0 0.01576 2 1 Phantom 0.0 0.0 0.0 0.0 0.0 0.0 0 0.0 0.0 16711680 none 
4 -41.9768 12.0064 -1.40895 0.0 4.76 4.76 4.76 0.0 0.0 0.0 0.0 0.01576 2 1 Phantom 0.0 0.0 0.0 0.0 0.0 0.0 0 0.0 0.0 16711680 none 
4 6.70403 -1.83765 -15.6413 0.0 4.76 4.76 4.76 0.0 0.0 0.0 0.0 0.01576 2 1 Phantom 0.0 0.0 0.0 0.0 0.0 0.0 0 0.0 0.0 16711680 none 
4 37.4535 -7.01381 -5.33977 0.0 4.76 4.76 4.76 0.0 0.0 0.0 0.0 0.01576 2 1 Phantom 0.0 0.0 0.0 0.0 0.0 0.0 0 0.0 0.0 16711680 none 
4 -6.14654 60.1249 -6.01571 0.0 4.76 4.76 4.76 0.0 0.0 0.0 0.0 0.01576 2 1 Phantom 0.0 0.0 0.0 0.0 0.0 0.0 0 0.0 0.0 16711680 none 
4 36.867 11.913 -17.4158 0.0 4.76 4.76 4.76 0.0 0.0 0.0 0.0 0.01576 2 1 Phantom 0.0 0.0 0.0 0.0 0.0 0.0 0 0.0 0.0 16711680 none 
4 20.2635 -53.6283 10.8259 0.0 4.76 4.76 4.76 0.0 0.0 0.0 0.0 0.01576 2 1 Phantom 0.0 0.0 0.0 0.0 0.0 0.0 0 0.0 0.0 16711680 none 
4 -27.3608 54.0881 16.7686 0.0 4.76 4.76 4.76 0.0 0.0 0.0 0.0 0.01576 2 1 Phantom 0.0 0.0 0.0 0.0 0.0 0.0 0 0.0 0.0 16711680 none 
4 -41.9612 -54.8278 16.0822 0.0 4.76 4.76 4.76 0.0 0.0 0.0 0.0 0.01576 2 1 Phantom 0.0 0.0 0.0 0.0 0.0 0.0 0 0.0 0.0 16711680 none 
4 -8.7106 -32.0948 -7.65028 0.0 4.76 4.76 4.76 0.0 0.0 0.0 0.0 0.01576 2 1 Phantom 0.0 0.0 0.0 0.0 0.0 0.0 0 0.0 0.0 16711680 none 
4 -4.34807 34.8034 -17.5195 0.0 4.76 4.76 4.76 0.0 0.0 0.0 0.0 0.01576 2 1 Phantom 0.0 0.0 0.0 0.0 0.0 0.0 0 0.0 0.0 16711680 none 
4 -43.733 12.8013 -10.9143 0.0 4.76 4.76 4.76 0.0 0.0 0.0 0.0 0.01576 2 1 Phantom 0.0 0.0 0.0 0.0 0.0 0.0 0 0.0 0.0 16711680 none 
4 34.3819 -25.8037 13.1217 0.0 4.76 4.76 4.76 0.0 0.0 0.0 0.0 0.01576 2 1 Phantom 0.0 0.0 0.0 0.0 0.0 0.0 0 0.0 0.0 16711680 none 
4 -22.979 30.6559 15.1712 0.0 4.76 4.76 4.76 0.0 0.0 0.0 0.0 0.01576 2 1 Phantom 0.0 0.0 0.0 0.0 0.0 0.0 0 0.0 0.0 16711680 none 
4 -42.9962 82.9764 -2.94058 0.0 4.76 4.76 4.76 0.0 0.0 0.0 0.0 0.01576 2 1 Phantom 0.0 0.0 0.0 0.0 0.0 0.0 0 0.0 0.0 16711680 none 
4 -20.3727 43.1578 -2.11164 0.0 4.76 4.76 4.76 0.0 0.0 0.0 0.0 0.01576 2 1 Phantom 0.0 0.0 0.0 0.0 0.0 0.0 0 0.0 0.0 16711680 none 
4 -30.945 -79.464 -17.5912 0.0 4.76 4.76 4.76 0.0 0.0 0.0 0.0 0.01576 2 1 Phantom 0.0 0.0 0.0 0.0 0.0 0.0 0 0.0 0.0 16711680 none 
4 -29.2242 -6.78843 -17.6993 0.0 4.76 4.76 4.76 0.0 0.0 0.0 0.0 0.01576 2 1 Phantom 0.0 0.0 0.0 0.0 0.0 0.0 0 0.0 0.0 16711680 none 
4 -40.5078 -40.7222 15.9093 0.0 4.76 4.76 4.76 0.0 0.0 0.0 0.0 0.01576 2 1 Phantom 0.0 0.0 0.0 0.0 0.0 0.0 0 0.0 0.0 16711680 none 
4 -16.9015 10.4992 -1.33106 0.0 4.76 4.76 4.76 0.0 0.0 0.0 0.0 0.01576 2 1 Phantom 0.0 0.0 0.0 0.0 0.0 0.0 0 0.0 0.0 16711680 none 
4 -34.3858 39.8589 -18.6878 0.0 3.175 3.175 3.175 0.0 0.0 0.0 0.0 0.01576 2 1 Phantom 0.0 0.0 0.0 0.0 0.0 0.0 0 0.0 0.0 8388863 none 
4 28.4035 -35.2782 -4.31291 0.0 3.175 3.175 3.175 0.0 0.0 0.0 0.0 0.01576 2 1 Phantom 0.0 0.0 0.0 0.0 0.0 0.0 0 0.0 0.0 8388863 none 
4 -42.3974 55.2567 13.6343 0.0 3.175 3.175 3.175 0.0 0.0 0.0 0.0 0.01576 2 1 Phantom 0.0 0.0 0.0 0.0 0.0 0.0 0 0.0 0.0 8388863 none 
4 -25.1047 -7.27432 5.61157 0.0 3.175 3.175 3.175 0.0 0.0 0.0 0.0 0.01576 2 1 Phantom 0.0 0.0 0.0 0.0 0.0 0.0 0 0.0 0.0 8388863 none 
4 -38.8338 71.1894 18.8212 0.0 3.175 3.175 3.175 0.0 0.0 0.0 0.0 0.01576 2 1 Phantom 0.0 0.0 0.0 0.0 0.0 0.0 0 0.0 0.0 8388863 none 
4 6.24846 43.4898 -10.6343 0.0 3.175 3.175 3.175 0.0 0.0 0.0 0.0 0.01576 2 1 Phantom 0.0 0.0 0.0 0.0 0.0 0.0 0 0.0 0.0 8388863 none 
4 -8.38435 -52.5261 -1.91661 0.0 3.175 3.175 3.175 0.0 0.0 0.0 0.0 0.01576 2 1 Phantom 0.0 0.0 0.0 0.0 0.0 0.0 0 0.0 0.0 8388863 none 
4 -13.4561 -79.2932 17.1103 0.0 3.175 3.175 3.175 0.0 0.0 0.0 0.0 0.01576 2 1 Phantom 0.0 0.0 0.0 0.0 0.0 0.0 0 0.0 0.0 8388863 none 
4 -30.3945 49.2137 -3.07272 0.0 3.175 3.175 3.175 0.0 0.0 0.0 0.0 0.01576 2 1 Phantom 0.0 0.0 0.0 0.0 0.0 0.0 0 0.0 0.0 8388863 none 
4 -14.5026 -48.4552 -2.31236 0.0 3.175 3.175 3.175 0.0 0.0 0.0 0.0 0.01576 2 1 Phantom 0.0 0.0 0.0 0.0 0.0 0.0 0 0.0 0.0 8388863 none 
4 15.0251 -21.0278 -14.4341 0.0 3.175 3.175 3.175 0.0 0.0 0.0 0.0 0.01576 2 1 Phantom 0.0 0.0 0.0 0.0 0.0 0.0 0 0.0 0.0 8388863 none 
4 13.659 21.7022 18.6343 0.0 3.175 3.175 3.175 0.0 0.0 0.0 0.0 0.01576 2 1 Phantom 0.0 0.0 0.0 0.0 0.0 0.0 0 0.0 0.0 8388863 none 
4 -40.8424 35.227 18.6126 0.0 3.175 3.175 3.175 0.0 0.0 0.0 0.0 0.01576 2 1 Phantom 0.0 0.0 0.0 0.0 0.0 0.0 0 0.0 0.0 8388863 none 
4 -19.9793 -51.6107 6.2301 0.0 3.175 3.175 3.175 0.0 0.0 0.0 0.0 0.01576 2 1 Phantom 0.0 0.0 0.0 0.0 0.0 0.0 0 0.0 0.0 8388863 none 
4 -17.7838 -32.3337 6.03263 0.0 3.175 3.175 3.175 0.0 0.0 0.0 0.0 0.01576 2 1 Phantom 0.0 0.0 0.0 0.0 0.0 0.0 0 0.0 0.0 8388863 none 
4 -22.4132 -57.3744 -9.43742 0.0 3.175 3.175 3.175 0.0 0.0 0.0 0.0 0.01576 2 1 Phantom 0.0 0.0 0.0 0.0 0.0 0.0 0 0.0 0.0 8388863 none 
4 -45.3037 15.1756 18.0278 0.0 3.175 3.175 3.175 0.0 0.0 0.0 0.0 0.01576 2 1 Phantom 0.0 0.0 0.0 0.0 0.0 0.0 0 0.0 0.0 8388863 none 
4 4.36897 -22.3222 7.39778 0.0 3.175 3.175 3.175 0.0 0.0 0.0 0.0 0.01576 2 1 Phantom 0.0 0.0 0.0 0.0 0.0 0.0 0 0.0 0.0 8388863 none 
4 5.19311 15.0756 -2.58031 0.0 3.175 3.175 3.175 0.0 0.0 0.0 0.0 0.01576 2 1 Phantom 0.0 0.0 0.0 0.0 0.0 0.0 0 0.0 0.0 8388863 none 
4 -21.7911 -59.3239 -17.7201 0.0 3.175 3.175 3.175 0.0 0.0 0.0 0.0 0.01576 2 1 Phantom 0.0 0.0 0.0 0.0 0.0 0.0 0 0.0 0.0 8388863 none 
4 33.0911 26.2451 8.89226 0.0 3.175 3.175 3.175 0.0 0.0 0.0 0.0 0.01576 2 1 Phantom 0.0 0.0 0.0 0.0 0.0 0.0 0 0.0 0.0 8388863 none 
4 -44.1033 59.5419 -7.37669 0.0 3.175 3.175 3.175 0.0 0.0 0.0 0.0 0.01576 2 1 Phantom 0.0 0.0 0.0 0.0 0.0 0.0 0 0.0 0.0 8388863 none 
4 0.967664 67.7705 18.4015 0.0 3.175 3.175 3.175 0.0 0.0 0.0 0.0 0.01576 2 1 Phantom 0.0 0.0 0.0 0.0 0.0 0.0 0 0.0 0.0 8388863 none 
4 -23.0567 -14.3069 2.50841 0.0 3.175 3.175 3.175 0.0 0.0 0.0 0.0 0.01576 2 1 Phantom 0.0 0.0 0.0 0.0 0.0 0.0 0 0.0 0.0 8388863 none 
4 -0.051843 69.4487 -10.7044 0.0 3.175 3.175 3.175 0.0 0.0 0.0 0.0 0.01576 2 1 Phantom 0.0 0.0 0.0 0.0 0.0 0.0 0 0.0 0.0 8388863 none 
4 37.0971 -21.9619 -14.6663 0.0 3.175 3.175 3.175 0.0 0.0 0.0 0.0 0.01576 2 1 Phantom 0.0 0.0 0.0 0.0 0.0 0.0 0 0.0 0.0 8388863 none 
4 4.59023 -37.2701 -7.6443 0.0 3.175 3.175 3.175 0.0 0.0 0.0 0.0 0.01576 2 1 Phantom 0.0 0.0 0.0 0.0 0.0 0.0 0 0.0 0.0 8388863 none 
4 -7.70907 -50.7417 13.9167 0.0 3.175 3.175 3.175 0.0 0.0 0.0 0.0 0.01576 2 1 Phantom 0.0 0.0 0.0 0.0 0.0 0.0 0 0.0 0.0 8388863 none 
4 14.0491 28.3771 15.5581 0.0 3.175 3.175 3.175 0.0 0.0 0.0 0.0 0.01576 2 1 Phantom 0.0 0.0 0.0 0.0 0.0 0.0 0 0.0 0.0 8388863 none 
4 -3.54005 12.8659 19.3055 0.0 3.175 3.175 3.175 0.0 0.0 0.0 0.0 0.01576 2 1 Phantom 0.0 0.0 0.0 0.0 0.0 0.0 0 0.0 0.0 8388863 none 
4 4.31884 2.14241 3.34268 0.0 3.175 3.175 3.175 0.0 0.0 0.0 0.0 0.01576 2 1 Phantom 0.0 0.0 0.0 0.0 0.0 0.0 0 0.0 0.0 8388863 none 
4 10.9093 -44.92 -11.1629 0.0 3.175 3.175 3.175 0.0 0.0 0.0 0.0 0.01576 2 1 Phantom 0.0 0.0 0.0 0.0 0.0 0.0 0 0.0 0.0 8388863 none 
4 23.2479 -6.97354 8.62921 0.0 3.175 3.175 3.175 0.0 0.0 0.0 0.0 0.01576 2 1 Phantom 0.0 0.0 0.0 0.0 0.0 0.0 0 0.0 0.0 8388863 none 
4 -38.9389 84.9919 -18.029 0.0 3.175 3.175 3.175 0.0 0.0 0.0 0.0 0.01576 2 1 Phantom 0.0 0.0 0.0 0.0 0.0 0.0 0 0.0 0.0 8388863 none 
4 -9.32891 78.8456 3.17446 0.0 3.175 3.175 3.175 0.0 0.0 0.0 0.0 0.01576 2 1 Phantom 0.0 0.0 0.0 0.0 0.0 0.0 0 0.0 0.0 8388863 none 
4 -2.00526 -32.5419 18.9674 0.0 3.175 3.175 3.175 0.0 0.0 0.0 0.0 0.01576 2 1 Phantom 0.0 0.0 0.0 0.0 0.0 0.0 0 0.0 0.0 8388863 none 
4 -16.6666 -67.3683 14.4646 0.0 3.175 3.175 3.175 0.0 0.0 0.0 0.0 0.01576 2 1 Phantom 0.0 0.0 0.0 0.0 0.0 0.0 0 0.0 0.0 8388863 none 
4 -23.4448 -28.8213 16.2601 0.0 3.175 3.175 3.175 0.0 0.0 0.0 0.0 0.01576 2 1 Phantom 0.0 0.0 0.0 0.0 0.0 0.0 0 0.0 0.0 8388863 none 
4 -38.4951 79.6778 3.77829 0.0 3.175 3.175 3.175 0.0 0.0 0.0 0.0 0.01576 2 1 Phantom 0.0 0.0 0.0 0.0 0.0 0.0 0 0.0 0.0 8388863 none 
4 -26.1555 78.83 -18.5675 0.0 3.175 3.175 3.175 0.0 0.0 0.0 0.0 0.01576 2 1 Phantom 0.0 0.0 0.0 0.0 0.0 0.0 0 0.0 0.0 8388863 none 
4 9.37296 6.41284 -0.86355 0.0 3.175 3.175 3.175 0.0 0.0 0.0 0.0 0.01576 2 1 Phantom 0.0 0.0 0.0 0.0 0.0 0.0 0 0.0 0.0 8388863 none 
4 -14.0076 29.4769 17.9223 0.0 3.175 3.175 3.175 0.0 0.0 0.0 0.0 0.01576 2 1 Phantom 0.0 0.0 0.0 0.0 0.0 0.0 0 0.0 0.0 8388863 none 
4 -44.8026 17.3857 10.7024 0.0 3.175 3.175 3.175 0.0 0.0 0.0 0.0 0.01576 2 1 Phantom 0.0 0.0 0.0 0.0 0.0 0.0 0 0.0 0.0 8388863 none 
4 -0.790294 -29.6569 -16.1577 0.0 3.175 3.175 3.175 0.0 0.0 0.0 0.0 0.01576 2 1 Phantom 0.0 0.0 0.0 0.0 0.0 0.0 0 0.0 0.0 8388863 none 
4 -35.2388 21.6478 -7.7228 0.0 3.175 3.175 3.175 0.0 0.0 0.0 0.0 0.01576 2 1 Phantom 0.0 0.0 0.0 0.0 0.0 0.0 0 0.0 0.0 8388863 none 
4 13.0815 -28.7558 -6.02959 0.0 3.175 3.175 3.175 0.0 0.0 0.0 0.0 0.01576 2 1 Phantom 0.0 0.0 0.0 0.0 0.0 0.0 0 0.0 0.0 8388863 none 
4 -44.6457 71.1575 -8.19581 0.0 3.175 3.175 3.175 0.0 0.0 0.0 0.0 0.01576 2 1 Phantom 0.0 0.0 0.0 0.0 0.0 0.0 0 0.0 0.0 8388863 none 
4 -3.86104 27.4682 19.1699 0.0 3.175 3.175 3.175 0.0 0.0 0.0 0.0 0.01576 2 1 Phantom 0.0 0.0 0.0 0.0 0.0 0.0 0 0.0 0.0 8388863 none 
4 -2.21195 75.5808 7.0411 0.0 3.175 3.175 3.175 0.0 0.0 0.0 0.0 0.01576 2 1 Phantom 0.0 0.0 0.0 0.0 0.0 0.0 0 0.0 0.0 8388863 none 
4 -34.8826 -20.5039 8.2756 0.0 3.175 3.175 3.175 0.0 0.0 0.0 0.0 0.01576 2 1 Phantom 0.0 0.0 0.0 0.0 0.0 0.0 0 0.0 0.0 8388863 none 
4 -11.9538 15.0189 10.9743 0.0 3.175 3.175 3.175 0.0 0.0 0.0 0.0 0.01576 2 1 Phantom 0.0 0.0 0.0 0.0 0.0 0.0 0 0.0 0.0 8388863 none 
4 0.195031 39.9632 -10.9094 0.0 3.175 3.175 3.175 0.0 0.0 0.0 0.0 0.01576 2 1 Phantom 0.0 0.0 0.0 0.0 0.0 0.0 0 0.0 0.0 8388863 none 
4 22.5146 5.64635 -17.1844 0.0 3.175 3.175 3.175 0.0 0.0 0.0 0.0 0.01576 2 1 Phantom 0.0 0.0 0.0 0.0 0.0 0.0 0 0.0 0.0 8388863 none 
4 -42.4767 -2.01047 1.7623 0.0 3.175 3.175 3.175 0.0 0.0 0.0 0.0 0.01576 2 1 Phantom 0.0 0.0 0.0 0.0 0.0 0.0 0 0.0 0.0 8388863 none 
4 5.98809 -65.8255 18.3469 0.0 3.175 3.175 3.175 0.0 0.0 0.0 0.0 0.01576 2 1 Phantom 0.0 0.0 0.0 0.0 0.0 0.0 0 0.0 0.0 8388863 none 
4 -24.6071 85.1495 15.379 0.0 3.175 3.175 3.175 0.0 0.0 0.0 0.0 0.01576 2 1 Phantom 0.0 0.0 0.0 0.0 0.0 0.0 0 0.0 0.0 8388863 none 
4 2.48794 51.587 5.99305 0.0 3.175 3.175 3.175 0.0 0.0 0.0 0.0 0.01576 2 1 Phantom 0.0 0.0 0.0 0.0 0.0 0.0 0 0.0 0.0 8388863 none 
4 35.6165 -23.8141 2.27526 0.0 3.175 3.175 3.175 0.0 0.0 0.0 0.0 0.01576 2 1 Phantom 0.0 0.0 0.0 0.0 0.0 0.0 0 0.0 0.0 8388863 none 
4 -45.1976 46.2409 -15.1631 0.0 3.175 3.175 3.175 0.0 0.0 0.0 0.0 0.01576 2 1 Phantom 0.0 0.0 0.0 0.0 0.0 0.0 0 0.0 0.0 8388863 none 
4 8.02749 -19.4296 18.9586 0.0 3.175 3.175 3.175 0.0 0.0 0.0 0.0 0.01576 2 1 Phantom 0.0 0.0 0.0 0.0 0.0 0.0 0 0.0 0.0 8388863 none 
4 -16.513 -29.6783 17.5626 0.0 3.175 3.175 3.175 0.0 0.0 0.0 0.0 0.01576 2 1 Phantom 0.0 0.0 0.0 0.0 0.0 0.0 0 0.0 0.0 8388863 none 
4 -23.983 75.4854 18.8031 0.0 3.175 3.175 3.175 0.0 0.0 0.0 0.0 0.01576 2 1 Phantom 0.0 0.0 0.0 0.0 0.0 0.0 0 0.0 0.0 8388863 none 
4 -3.03738 -58.5995 17.0727 0.0 3.175 3.175 3.175 0.0 0.0 0.0 0.0 0.01576 2 1 Phantom 0.0 0.0 0.0 0.0 0.0 0.0 0 0.0 0.0 8388863 none 
4 25.2397 3.02781 -7.67336 0.0 3.175 3.175 3.175 0.0 0.0 0.0 0.0 0.01576 2 1 Phantom 0.0 0.0 0.0 0.0 0.0 0.0 0 0.0 0.0 8388863 none 
4 28.8895 9.38954 3.18198 0.0 3.175 3.175 3.175 0.0 0.0 0.0 0.0 0.01576 2 1 Phantom 0.0 0.0 0.0 0.0 0.0 0.0 0 0.0 0.0 8388863 none 
4 18.7331 -19.3127 -4.56761 0.0 3.175 3.175 3.175 0.0 0.0 0.0 0.0 0.01576 2 1 Phantom 0.0 0.0 0.0 0.0 0.0 0.0 0 0.0 0.0 8388863 none 
4 -24.2101 -82.7098 -2.22839 0.0 3.175 3.175 3.175 0.0 0.0 0.0 0.0 0.01576 2 1 Phantom 0.0 0.0 0.0 0.0 0.0 0.0 0 0.0 0.0 8388863 none 
4 11.927 49.8817 -17.3347 0.0 3.175 3.175 3.175 0.0 0.0 0.0 0.0 0.01576 2 1 Phantom 0.0 0.0 0.0 0.0 0.0 0.0 0 0.0 0.0 8388863 none 
4 -39.0483 -6.63408 -2.32615 0.0 3.175 3.175 3.175 0.0 0.0 0.0 0.0 0.01576 2 1 Phantom 0.0 0.0 0.0 0.0 0.0 0.0 0 0.0 0.0 8388863 none 
4 -22.9346 -12.9737 -18.8885 0.0 3.175 3.175 3.175 0.0 0.0 0.0 0.0 0.01576 2 1 Phantom 0.0 0.0 0.0 0.0 0.0 0.0 0 0.0 0.0 8388863 none 
4 12.1481 59.0035 -18.2523 0.0 3.175 3.175 3.175 0.0 0.0 0.0 0.0 0.01576 2 1 Phantom 0.0 0.0 0.0 0.0 0.0 0.0 0 0.0 0.0 8388863 none 
4 34.1426 30.1765 -7.0967 0.0 3.175 3.175 3.175 0.0 0.0 0.0 0.0 0.01576 2 1 Phantom 0.0 0.0 0.0 0.0 0.0 0.0 0 0.0 0.0 8388863 none 
4 -40.8671 -14.3878 19.2388 0.0 3.175 3.175 3.175 0.0 0.0 0.0 0.0 0.01576 2 1 Phantom 0.0 0.0 0.0 0.0 0.0 0.0 0 0.0 0.0 8388863 none 
4 9.85183 -49.9899 19.0764 0.0 3.175 3.175 3.175 0.0 0.0 0.0 0.0 0.01576 2 1 Phantom 0.0 0.0 0.0 0.0 0.0 0.0 0 0.0 0.0 8388863 none 
4 -32.2712 55.5822 1.90611 0.0 3.175 3.175 3.175 0.0 0.0 0.0 0.0 0.01576 2 1 Phantom 0.0 0.0 0.0 0.0 0.0 0.0 0 0.0 0.0 8388863 none 
4 15.9151 39.7103 16.9152 0.0 3.175 3.175 3.175 0.0 0.0 0.0 0.0 0.01576 2 1 Phantom 0.0 0.0 0.0 0.0 0.0 0.0 0 0.0 0.0 8388863 none 
4 38.2585 8.52908 5.26654 0.0 3.175 3.175 3.175 0.0 0.0 0.0 0.0 0.01576 2 1 Phantom 0.0 0.0 0.0 0.0 0.0 0.0 0 0.0 0.0 8388863 none 
4 8.82835 -59.4588 -18.3451 0.0 3.175 3.175 3.175 0.0 0.0 0.0 0.0 0.01576 2 1 Phantom 0.0 0.0 0.0 0.0 0.0 0.0 0 0.0 0.0 8388863 none 
4 10.738 -3.36583 19.1327 0.0 3.175 3.175 3.175 0.0 0.0 0.0 0.0 0.01576 2 1 Phantom 0.0 0.0 0.0 0.0 0.0 0.0 0 0.0 0.0 8388863 none 
4 31.2153 -3.26156 1.77874 0.0 3.175 3.175 3.175 0.0 0.0 0.0 0.0 0.01576 2 1 Phantom 0.0 0.0 0.0 0.0 0.0 0.0 0 0.0 0.0 8388863 none 
4 13.2844 33.6675 -2.66745 0.0 3.175 3.175 3.175 0.0 0.0 0.0 0.0 0.01576 2 1 Phantom 0.0 0.0 0.0 0.0 0.0 0.0 0 0.0 0.0 8388863 none 
4 -42.9631 -40.8312 -18.4233 0.0 3.175 3.175 3.175 0.0 0.0 0.0 0.0 0.01576 2 1 Phantom 0.0 0.0 0.0 0.0 0.0 0.0 0 0.0 0.0 8388863 none 
4 -42.7889 54.1574 -17.1942 0.0 3.175 3.175 3.175 0.0 0.0 0.0 0.0 0.01576 2 1 Phantom 0.0 0.0 0.0 0.0 0.0 0.0 0 0.0 0.0 8388863 none 
4 -28.2165 -64.4524 1.41147 0.0 3.175 3.175 3.175 0.0 0.0 0.0 0.0 0.01576 2 1 Phantom 0.0 0.0 0.0 0.0 0.0 0.0 0 0.0 0.0 8388863 none 
4 -17.4849 -26.4524 2.94998 0.0 3.175 3.175 3.175 0.0 0.0 0.0 0.0 0.01576 2 1 Phantom 0.0 0.0 0.0 0.0 0.0 0.0 0 0.0 0.0 8388863 none 
4 29.6293 -36.4528 12.4106 0.0 3.175 3.175 3.175 0.0 0.0 0.0 0.0 0.01576 2 1 Phantom 0.0 0.0 0.0 0.0 0.0 0.0 0 0.0 0.0 8388863 none 
4 -5.31683 -74.6826 1.0516 0.0 3.175 3.175 3.175 0.0 0.0 0.0 0.0 0.01576 2 1 Phantom 0.0 0.0 0.0 0.0 0.0 0.0 0 0.0 0.0 8388863 none 
4 -35.1895 -65.3502 1.14215 0.0 3.175 3.175 3.175 0.0 0.0 0.0 0.0 0.01576 2 1 Phantom 0.0 0.0 0.0 0.0 0.0 0.0 0 0.0 0.0 8388863 none 
4 -2.42154 62.1357 9.07562 0.0 3.175 3.175 3.175 0.0 0.0 0.0 0.0 0.01576 2 1 Phantom 0.0 0.0 0.0 0.0 0.0 0.0 0 0.0 0.0 8388863 none 
4 -26.8148 14.9824 -16.8175 0.0 3.175 3.175 3.175 0.0 0.0 0.0 0.0 0.01576 2 1 Phantom 0.0 0.0 0.0 0.0 0.0 0.0 0 0.0 0.0 8388863 none 
4 -44.8844 39.1465 -14.548 0.0 3.175 3.175 3.175 0.0 0.0 0.0 0.0 0.01576 2 1 Phantom 0.0 0.0 0.0 0.0 0.0 0.0 0 0.0 0.0 8388863 none 
4 -18.1393 83.1724 -10.4958 0.0 3.175 3.175 3.175 0.0 0.0 0.0 0.0 0.01576 2 1 Phantom 0.0 0.0 0.0 0.0 0.0 0.0 0 0.0 0.0 8388863 none 
4 20.3687 -41.6 -8.10409 0.0 3.175 3.175 3.175 0.0 0.0 0.0 0.0 0.01576 2 1 Phantom 0.0 0.0 0.0 0.0 0.0 0.0 0 0.0 0.0 8388863 none 
4 -30.0711 -57.5164 7.99792 0.0 3.175 3.175 3.175 0.0 0.0 0.0 0.0 0.01576 2 1 Phantom 0.0 0.0 0.0 0.0 0.0 0.0 0 0.0 0.0 8388863 none 
4 -5.30054 65.8164 16.9925 0.0 3.175 3.175 3.175 0.0 0.0 0.0 0.0 0.01576 2 1 Phantom 0.0 0.0 0.0 0.0 0.0 0.0 0 0.0 0.0 8388863 none 
4 -38.7544 -32.6812 9.04932 0.0 3.175 3.175 3.175 0.0 0.0 0.0 0.0 0.01576 2 1 Phantom 0.0 0.0 0.0 0.0 0.0 0.0 0 0.0 0.0 8388863 none 
4 27.1877 43.901 -17.3107 0.0 3.175 3.175 3.175 0.0 0.0 0.0 0.0 0.01576 2 1 Phantom 0.0 0.0 0.0 0.0 0.0 0.0 0 0.0 0.0 8388863 none 
4 -39.5208 -10.9843 -18.2928 0.0 3.175 3.175 3.175 0.0 0.0 0.0 0.0 0.01576 2 1 Phantom 0.0 0.0 0.0 0.0 0.0 0.0 0 0.0 0.0 8388863 none 
4 -8.40852 -33.1559 16.2013 0.0 3.175 3.175 3.175 0.0 0.0 0.0 0.0 0.01576 2 1 Phantom 0.0 0.0 0.0 0.0 0.0 0.0 0 0.0 0.0 8388863 none 
4 27.0593 8.94428 17.338 0.0 3.175 3.175 3.175 0.0 0.0 0.0 0.0 0.01576 2 1 Phantom 0.0 0.0 0.0 0.0 0.0 0.0 0 0.0 0.0 8388863 none 
4 -11.2874 39.7854 -14.9299 0.0 3.175 3.175 3.175 0.0 0.0 0.0 0.0 0.01576 2 1 Phantom 0.0 0.0 0.0 0.0 0.0 0.0 0 0.0 0.0 8388863 none 
4 12.2417 -31.0679 1.88795 0.0 3.175 3.175 3.175 0.0 0.0 0.0 0.0 0.01576 2 1 Phantom 0.0 0.0 0.0 0.0 0.0 0.0 0 0.0 0.0 8388863 none 
4 -9.25529 -25.9472 19.2055 0.0 3.175 3.175 3.175 0.0 0.0 0.0 0.0 0.01576 2 1 Phantom 0.0 0.0 0.0 0.0 0.0 0.0 0 0.0 0.0 8388863 none 
4 -12.4298 -55.5703 -9.23663 0.0 3.175 3.175 3.175 0.0 0.0 0.0 0.0 0.01576 2 1 Phantom 0.0 0.0 0.0 0.0 0.0 0.0 0 0.0 0.0 8388863 none 
4 -44.8369 58.0711 4.06856 0.0 3.175 3.175 3.175 0.0 0.0 0.0 0.0 0.01576 2 1 Phantom 0.0 0.0 0.0 0.0 0.0 0.0 0 0.0 0.0 8388863 none 
4 -1.62824 -21.6367 -18.0964 0.0 3.175 3.175 3.175 0.0 0.0 0.0 0.0 0.01576 2 1 Phantom 0.0 0.0 0.0 0.0 0.0 0.0 0 0.0 0.0 8388863 none 
4 -31.1548 -45.1819 -19.1815 0.0 3.175 3.175 3.175 0.0 0.0 0.0 0.0 0.01576 2 1 Phantom 0.0 0.0 0.0 0.0 0.0 0.0 0 0.0 0.0 8388863 none 
4 -24.0348 -56.4743 5.59692 0.0 3.175 3.175 3.175 0.0 0.0 0.0 0.0 0.01576 2 1 Phantom 0.0 0.0 0.0 0.0 0.0 0.0 0 0.0 0.0 8388863 none 
4 0.406268 40.5182 16.3453 0.0 3.175 3.175 3.175 0.0 0.0 0.0 0.0 0.01576 2 1 Phantom 0.0 0.0 0.0 0.0 0.0 0.0 0 0.0 0.0 8388863 none 
4 -37.0022 86.7092 2.11965 0.0 3.175 3.175 3.175 0.0 0.0 0.0 0.0 0.01576 2 1 Phantom 0.0 0.0 0.0 0.0 0.0 0.0 0 0.0 0.0 8388863 none 
4 -26.2693 -37.1475 18.1858 0.0 3.175 3.175 3.175 0.0 0.0 0.0 0.0 0.01576 2 1 Phantom 0.0 0.0 0.0 0.0 0.0 0.0 0 0.0 0.0 8388863 none 
4 -33.2781 -38.3101 -19.0449 0.0 3.175 3.175 3.175 0.0 0.0 0.0 0.0 0.01576 2 1 Phantom 0.0 0.0 0.0 0.0 0.0 0.0 0 0.0 0.0 8388863 none 
4 34.2057 26.954 15.974 0.0 3.175 3.175 3.175 0.0 0.0 0.0 0.0 0.01576 2 1 Phantom 0.0 0.0 0.0 0.0 0.0 0.0 0 0.0 0.0 8388863 none 
4 -30.1828 72.9831 -18.1431 0.0 3.175 3.175 3.175 0.0 0.0 0.0 0.0 0.01576 2 1 Phantom 0.0 0.0 0.0 0.0 0.0 0.0 0 0.0 0.0 8388863 none 
4 -25.1909 67.9595 -17.0462 0.0 3.175 3.175 3.175 0.0 0.0 0.0 0.0 0.01576 2 1 Phantom 0.0 0.0 0.0 0.0 0.0 0.0 0 0.0 0.0 8388863 none 
4 -40.8851 24.4435 -9.64727 0.0 3.175 3.175 3.175 0.0 0.0 0.0 0.0 0.01576 2 1 Phantom 0.0 0.0 0.0 0.0 0.0 0.0 0 0.0 0.0 8388863 none 
4 -28.2232 -50.0892 -6.65353 0.0 3.175 3.175 3.175 0.0 0.0 0.0 0.0 0.01576 2 1 Phantom 0.0 0.0 0.0 0.0 0.0 0.0 0 0.0 0.0 8388863 none 
4 -0.999415 16.2271 -14.947 0.0 3.175 3.175 3.175 0.0 0.0 0.0 0.0 0.01576 2 1 Phantom 0.0 0.0 0.0 0.0 0.0 0.0 0 0.0 0.0 8388863 none 
4 4.87927 9.23221 18.397 0.0 3.175 3.175 3.175 0.0 0.0 0.0 0.0 0.01576 2 1 Phantom 0.0 0.0 0.0 0.0 0.0 0.0 0 0.0 0.0 8388863 none 
4 -5.83632 47.3575 2.97294 0.0 3.175 3.175 3.175 0.0 0.0 0.0 0.0 0.01576 2 1 Phantom 0.0 0.0 0.0 0.0 0.0 0.0 0 0.0 0.0 8388863 none 
4 -36.5769 55.9602 18.0834 0.0 3.175 3.175 3.175 0.0 0.0 0.0 0.0 0.01576 2 1 Phantom 0.0 0.0 0.0 0.0 0.0 0.0 0 0.0 0.0 8388863 none 
4 -22.7697 44.3324 8.12944 0.0 3.175 3.175 3.175 0.0 0.0 0.0 0.0 0.01576 2 1 Phantom 0.0 0.0 0.0 0.0 0.0 0.0 0 0.0 0.0 8388863 none 
4 -44.4874 7.57734 -18.1272 0.0 3.175 3.175 3.175 0.0 0.0 0.0 0.0 0.01576 2 1 Phantom 0.0 0.0 0.0 0.0 0.0 0.0 0 0.0 0.0 8388863 none 
4 -26.2574 48.6133 -8.00502 0.0 3.175 3.175 3.175 0.0 0.0 0.0 0.0 0.01576 2 1 Phantom 0.0 0.0 0.0 0.0 0.0 0.0 0 0.0 0.0 8388863 none 
4 -44.8824 -32.1625 12.3991 0.0 3.175 3.175 3.175 0.0 0.0 0.0 0.0 0.01576 2 1 Phantom 0.0 0.0 0.0 0.0 0.0 0.0 0 0.0 0.0 8388863 none 
4 -33.2486 32.9745 13.6505 0.0 3.175 3.175 3.175 0.0 0.0 0.0 0.0 0.01576 2 1 Phantom 0.0 0.0 0.0 0.0 0.0 0.0 0 0.0 0.0 8388863 none 
4 25.4188 -46.1998 18.7267 0.0 3.175 3.175 3.175 0.0 0.0 0.0 0.0 0.01576 2 1 Phantom 0.0 0.0 0.0 0.0 0.0 0.0 0 0.0 0.0 8388863 none 
4 -43.332 83.0134 -11.0935 0.0 3.175 3.175 3.175 0.0 0.0 0.0 0.0 0.01576 2 1 Phantom 0.0 0.0 0.0 0.0 0.0 0.0 0 0.0 0.0 8388863 none 
4 -35.3357 -73.0893 -5.55917 0.0 3.175 3.175 3.175 0.0 0.0 0.0 0.0 0.01576 2 1 Phantom 0.0 0.0 0.0 0.0 0.0 0.0 0 0.0 0.0 8388863 none 
4 -30.0587 -22.495 14.7641 0.0 3.175 3.175 3.175 0.0 0.0 0.0 0.0 0.01576 2 1 Phantom 0.0 0.0 0.0 0.0 0.0 0.0 0 0.0 0.0 8388863 none 
4 -25.0268 6.39158 18.8093 0.0 3.175 3.175 3.175 0.0 0.0 0.0 0.0 0.01576 2 1 Phantom 0.0 0.0 0.0 0.0 0.0 0.0 0 0.0 0.0 8388863 none 
4 15.7479 43.3063 -15.5082 0.0 3.175 3.175 3.175 0.0 0.0 0.0 0.0 0.01576 2 1 Phantom 0.0 0.0 0.0 0.0 0.0 0.0 0 0.0 0.0 8388863 none 
4 -11.9353 8.1952 -7.85482 0.0 3.175 3.175 3.175 0.0 0.0 0.0 0.0 0.01576 2 1 Phantom 0.0 0.0 0.0 0.0 0.0 0.0 0 0.0 0.0 8388863 none 
4 37.5349 8.91165 14.6749 0.0 3.175 3.175 3.175 0.0 0.0 0.0 0.0 0.01576 2 1 Phantom 0.0 0.0 0.0 0.0 0.0 0.0 0 0.0 0.0 8388863 none 
4 38.2406 12.5771 -7.24003 0.0 3.175 3.175 3.175 0.0 0.0 0.0 0.0 0.01576 2 1 Phantom 0.0 0.0 0.0 0.0 0.0 0.0 0 0.0 0.0 8388863 none 
4 -23.83 37.6779 9.88854 0.0 3.175 3.175 3.175 0.0 0.0 0.0 0.0 0.01576 2 1 Phantom 0.0 0.0 0.0 0.0 0.0 0.0 0 0.0 0.0 8388863 none 
4 32.9606 32.692 5.2272 0.0 3.175 3.175 3.175 0.0 0.0 0.0 0.0 0.01576 2 1 Phantom 0.0 0.0 0.0 0.0 0.0 0.0 0 0.0 0.0 8388863 none 
4 -44.964 -88.5687 -14.9595 0.0 3.175 3.175 3.175 0.0 0.0 0.0 0.0 0.01576 2 1 Phantom 0.0 0.0 0.0 0.0 0.0 0.0 0 0.0 0.0 8388863 none 
4 -11.7099 -4.73269 6.35929 0.0 3.175 3.175 3.175 0.0 0.0 0.0 0.0 0.01576 2 1 Phantom 0.0 0.0 0.0 0.0 0.0 0.0 0 0.0 0.0 8388863 none 
4 33.4087 33.9673 18.4124 0.0 3.175 3.175 3.175 0.0 0.0 0.0 0.0 0.01576 2 1 Phantom 0.0 0.0 0.0 0.0 0.0 0.0 0 0.0 0.0 8388863 none 
4 22.8471 -13.8191 2.87409 0.0 3.175 3.175 3.175 0.0 0.0 0.0 0.0 0.01576 2 1 Phantom 0.0 0.0 0.0 0.0 0.0 0.0 0 0.0 0.0 8388863 none 
4 -17.5213 -45.839 -18.0345 0.0 3.175 3.175 3.175 0.0 0.0 0.0 0.0 0.01576 2 1 Phantom 0.0 0.0 0.0 0.0 0.0 0.0 0 0.0 0.0 8388863 none 
4 6.47979 49.8418 -9.09338 0.0 3.175 3.175 3.175 0.0 0.0 0.0 0.0 0.01576 2 1 Phantom 0.0 0.0 0.0 0.0 0.0 0.0 0 0.0 0.0 8388863 none 
4 -33.113 73.8879 18.1808 0.0 3.175 3.175 3.175 0.0 0.0 0.0 0.0 0.01576 2 1 Phantom 0.0 0.0 0.0 0.0 0.0 0.0 0 0.0 0.0 8388863 none 
4 13.4231 -59.8853 -7.06416 0.0 3.175 3.175 3.175 0.0 0.0 0.0 0.0 0.01576 2 1 Phantom 0.0 0.0 0.0 0.0 0.0 0.0 0 0.0 0.0 8388863 none 
4 -26.5445 -73.5795 16.6145 0.0 3.175 3.175 3.175 0.0 0.0 0.0 0.0 0.01576 2 1 Phantom 0.0 0.0 0.0 0.0 0.0 0.0 0 0.0 0.0 8388863 none 
4 -22.6449 -72.2527 0.978453 0.0 3.175 3.175 3.175 0.0 0.0 0.0 0.0 0.01576 2 1 Phantom 0.0 0.0 0.0 0.0 0.0 0.0 0 0.0 0.0 8388863 none 
4 -35.6785 56.4639 -7.49884 0.0 3.175 3.175 3.175 0.0 0.0 0.0 0.0 0.01576 2 1 Phantom 0.0 0.0 0.0 0.0 0.0 0.0 0 0.0 0.0 8388863 none 
4 -31.5031 30.4263 -14.7509 0.0 3.175 3.175 3.175 0.0 0.0 0.0 0.0 0.01576 2 1 Phantom 0.0 0.0 0.0 0.0 0.0 0.0 0 0.0 0.0 8388863 none 
4 -22.557 67.8811 18.0721 0.0 3.175 3.175 3.175 0.0 0.0 0.0 0.0 0.01576 2 1 Phantom 0.0 0.0 0.0 0.0 0.0 0.0 0 0.0 0.0 8388863 none 
4 -21.2637 -51.4231 -5.84192 0.0 3.175 3.175 3.175 0.0 0.0 0.0 0.0 0.01576 2 1 Phantom 0.0 0.0 0.0 0.0 0.0 0.0 0 0.0 0.0 8388863 none 
4 -24.2641 -20.0978 -18.5149 0.0 3.175 3.175 3.175 0.0 0.0 0.0 0.0 0.01576 2 1 Phantom 0.0 0.0 0.0 0.0 0.0 0.0 0 0.0 0.0 8388863 none 
4 -15.2131 -6.65777 19.3118 0.0 3.175 3.175 3.175 0.0 0.0 0.0 0.0 0.01576 2 1 Phantom 0.0 0.0 0.0 0.0 0.0 0.0 0 0.0 0.0 8388863 none 
4 -43.6336 -65.7167 -10.219 0.0 3.175 3.175 3.175 0.0 0.0 0.0 0.0 0.01576 2 1 Phantom 0.0 0.0 0.0 0.0 0.0 0.0 0 0.0 0.0 8388863 none 
4 -44.3067 66.5548 18.5504 0.0 3.175 3.175 3.175 0.0 0.0 0.0 0.0 0.01576 2 1 Phantom 0.0 0.0 0.0 0.0 0.0 0.0 0 0.0 0.0 8388863 none 
4 -19.5933 39.1725 18.2824 0.0 3.175 3.175 3.175 0.0 0.0 0.0 0.0 0.01576 2 1 Phantom 0.0 0.0 0.0 0.0 0.0 0.0 0 0.0 0.0 8388863 none 
4 -32.5239 8.73063 -8.90062 0.0 3.175 3.175 3.175 0.0 0.0 0.0 0.0 0.01576 2 1 Phantom 0.0 0.0 0.0 0.0 0.0 0.0 0 0.0 0.0 8388863 none 
4 16.1805 6.23167 2.03159 0.0 3.175 3.175 3.175 0.0 0.0 0.0 0.0 0.01576 2 1 Phantom 0.0 0.0 0.0 0.0 0.0 0.0 0 0.0 0.0 8388863 none 
4 25.2307 -18.217 -6.6561 0.0 3.175 3.175 3.175 0.0 0.0 0.0 0.0 0.01576 2 1 Phantom 0.0 0.0 0.0 0.0 0.0 0.0 0 0.0 0.0 8388863 none 
4 -7.48858 44.6159 17.4909 0.0 3.175 3.175 3.175 0.0 0.0 0.0 0.0 0.01576 2 1 Phantom 0.0 0.0 0.0 0.0 0.0 0.0 0 0.0 0.0 8388863 none 
4 -7.5774 1.079 11.4808 0.0 3.175 3.175 3.175 0.0 0.0 0.0 0.0 0.01576 2 1 Phantom 0.0 0.0 0.0 0.0 0.0 0.0 0 0.0 0.0 8388863 none 
4 -0.364895 68.3738 -18.2455 0.0 3.175 3.175 3.175 0.0 0.0 0.0 0.0 0.01576 2 1 Phantom 0.0 0.0 0.0 0.0 0.0 0.0 0 0.0 0.0 8388863 none 
4 -1.83472 -36.9611 -5.51322 0.0 3.175 3.175 3.175 0.0 0.0 0.0 0.0 0.01576 2 1 Phantom 0.0 0.0 0.0 0.0 0.0 0.0 0 0.0 0.0 8388863 none 
4 -6.6402 -61.6839 -6.31439 0.0 3.175 3.175 3.175 0.0 0.0 0.0 0.0 0.01576 2 1 Phantom 0.0 0.0 0.0 0.0 0.0 0.0 0 0.0 0.0 8388863 none 
4 -4.50945 -18.3096 5.29343 0.0 3.175 3.175 3.175 0.0 0.0 0.0 0.0 0.01576 2 1 Phantom 0.0 0.0 0.0 0.0 0.0 0.0 0 0.0 0.0 8388863 none 
4 -44.0354 52.4142 -7.11282 0.0 3.175 3.175 3.175 0.0 0.0 0.0 0.0 0.01576 2 1 Phantom 0.0 0.0 0.0 0.0 0.0 0.0 0 0.0 0.0 8388863 none 
4 18.111 -11.3995 8.80102 0.0 3.175 3.175 3.175 0.0 0.0 0.0 0.0 0.01576 2 1 Phantom 0.0 0.0 0.0 0.0 0.0 0.0 0 0.0 0.0 8388863 none 
4 -44.0793 -76.9266 10.399 0.0 3.175 3.175 3.175 0.0 0.0 0.0 0.0 0.01576 2 1 Phantom 0.0 0.0 0.0 0.0 0.0 0.0 0 0.0 0.0 8388863 none 
4 -15.6384 -18.5479 1.38131 0.0 3.175 3.175 3.175 0.0 0.0 0.0 0.0 0.01576 2 1 Phantom 0.0 0.0 0.0 0.0 0.0 0.0 0 0.0 0.0 8388863 none 
4 -45.0566 3.76198 -1.73297 0.0 3.175 3.175 3.175 0.0 0.0 0.0 0.0 0.01576 2 1 Phantom 0.0 0.0 0.0 0.0 0.0 0.0 0 0.0 0.0 8388863 none 
4 37.9563 -12.7428 18.5684 0.0 3.175 3.175 3.175 0.0 0.0 0.0 0.0 0.01576 2 1 Phantom 0.0 0.0 0.0 0.0 0.0 0.0 0 0.0 0.0 8388863 none 
4 -39.3522 -84.6511 -17.6586 0.0 3.175 3.175 3.175 0.0 0.0 0.0 0.0 0.01576 2 1 Phantom 0.0 0.0 0.0 0.0 0.0 0.0 0 0.0 0.0 8388863 none 
4 19.1837 -18.0996 6.08316 0.0 3.175 3.175 3.175 0.0 0.0 0.0 0.0 0.01576 2 1 Phantom 0.0 0.0 0.0 0.0 0.0 0.0 0 0.0 0.0 8388863 none 
4 31.2139 -36.6587 1.89221 0.0 3.175 3.175 3.175 0.0 0.0 0.0 0.0 0.01576 2 1 Phantom 0.0 0.0 0.0 0.0 0.0 0.0 0 0.0 0.0 8388863 none 
4 22.5342 -33.4578 15.6632 0.0 3.175 3.175 3.175 0.0 0.0 0.0 0.0 0.01576 2 1 Phantom 0.0 0.0 0.0 0.0 0.0 0.0 0 0.0 0.0 8388863 none 
4 7.31368 -2.8142 8.42792 0.0 3.175 3.175 3.175 0.0 0.0 0.0 0.0 0.01576 2 1 Phantom 0.0 0.0 0.0 0.0 0.0 0.0 0 0.0 0.0 8388863 none 
4 -12.2016 1.25175 -3.27616 0.0 3.175 3.175 3.175 0.0 0.0 0.0 0.0 0.01576 2 1 Phantom 0.0 0.0 0.0 0.0 0.0 0.0 0 0.0 0.0 8388863 none 
4 16.7939 57.6671 18.2887 0.0 3.175 3.175 3.175 0.0 0.0 0.0 0.0 0.01576 2 1 Phantom 0.0 0.0 0.0 0.0 0.0 0.0 0 0.0 0.0 8388863 none 
4 -12.8112 59.0617 -0.0605988 0.0 3.175 3.175 3.175 0.0 0.0 0.0 0.0 0.01576 2 1 Phantom 0.0 0.0 0.0 0.0 0.0 0.0 0 0.0 0.0 8388863 none 
4 0.0855588 -10.8594 4.67697 0.0 3.175 3.175 3.175 0.0 0.0 0.0 0.0 0.01576 2 1 Phantom 0.0 0.0 0.0 0.0 0.0 0.0 0 0.0 0.0 8388863 none 
4 14.7154 -8.49761 18.8013 0.0 3.175 3.175 3.175 0.0 0.0 0.0 0.0 0.01576 2 1 Phantom 0.0 0.0 0.0 0.0 0.0 0.0 0 0.0 0.0 8388863 none 
4 -0.639598 29.1933 4.71306 0.0 3.175 3.175 3.175 0.0 0.0 0.0 0.0 0.01576 2 1 Phantom 0.0 0.0 0.0 0.0 0.0 0.0 0 0.0 0.0 8388863 none 
4 -23.308 54.023 -19.1534 0.0 3.175 3.175 3.175 0.0 0.0 0.0 0.0 0.01576 2 1 Phantom 0.0 0.0 0.0 0.0 0.0 0.0 0 0.0 0.0 8388863 none 
4 3.32779 -71.5663 -17.7051 0.0 3.175 3.175 3.175 0.0 0.0 0.0 0.0 0.01576 2 1 Phantom 0.0 0.0 0.0 0.0 0.0 0.0 0 0.0 0.0 8388863 none 
4 -1.02104 -5.84303 -10.7537 0.0 3.175 3.175 3.175 0.0 0.0 0.0 0.0 0.01576 2 1 Phantom 0.0 0.0 0.0 0.0 0.0 0.0 0 0.0 0.0 8388863 none 
4 -39.9395 -33.7913 -3.22945 0.0 3.175 3.175 3.175 0.0 0.0 0.0 0.0 0.01576 2 1 Phantom 0.0 0.0 0.0 0.0 0.0 0.0 0 0.0 0.0 8388863 none 
4 21.655 -6.87793 -16.2558 0.0 3.175 3.175 3.175 0.0 0.0 0.0 0.0 0.01576 2 1 Phantom 0.0 0.0 0.0 0.0 0.0 0.0 0 0.0 0.0 8388863 none 
4 20.1924 -31.6556 -18.8022 0.0 3.175 3.175 3.175 0.0 0.0 0.0 0.0 0.01576 2 1 Phantom 0.0 0.0 0.0 0.0 0.0 0.0 0 0.0 0.0 8388863 none 
4 26.904 44.7471 17.5014 0.0 3.175 3.175 3.175 0.0 0.0 0.0 0.0 0.01576 2 1 Phantom 0.0 0.0 0.0 0.0 0.0 0.0 0 0.0 0.0 8388863 none 
4 -24.0056 -8.59204 17.012 0.0 3.175 3.175 3.175 0.0 0.0 0.0 0.0 0.01576 2 1 Phantom 0.0 0.0 0.0 0.0 0.0 0.0 0 0.0 0.0 8388863 none 
4 -13.1656 -11.4151 5.49671 0.0 3.175 3.175 3.175 0.0 0.0 0.0 0.0 0.01576 2 1 Phantom 0.0 0.0 0.0 0.0 0.0 0.0 0 0.0 0.0 8388863 none 
4 2.9137 38.6887 -17.82 0.0 3.175 3.175 3.175 0.0 0.0 0.0 0.0 0.01576 2 1 Phantom 0.0 0.0 0.0 0.0 0.0 0.0 0 0.0 0.0 8388863 none 
4 17.0467 -39.5443 -17.9751 0.0 3.175 3.175 3.175 0.0 0.0 0.0 0.0 0.01576 2 1 Phantom 0.0 0.0 0.0 0.0 0.0 0.0 0 0.0 0.0 8388863 none 
4 28.7003 -1.95192 -4.07064 0.0 3.175 3.175 3.175 0.0 0.0 0.0 0.0 0.01576 2 1 Phantom 0.0 0.0 0.0 0.0 0.0 0.0 0 0.0 0.0 8388863 none 
4 22.9593 26.5032 1.13561 0.0 3.175 3.175 3.175 0.0 0.0 0.0 0.0 0.01576 2 1 Phantom 0.0 0.0 0.0 0.0 0.0 0.0 0 0.0 0.0 8388863 none 
4 7.10241 27.2531 18.1794 0.0 3.175 3.175 3.175 0.0 0.0 0.0 0.0 0.01576 2 1 Phantom 0.0 0.0 0.0 0.0 0.0 0.0 0 0.0 0.0 8388863 none 
4 5.77072 63.5647 -17.7814 0.0 3.175 3.175 3.175 0.0 0.0 0.0 0.0 0.01576 2 1 Phantom 0.0 0.0 0.0 0.0 0.0 0.0 0 0.0 0.0 8388863 none 
4 -44.9239 -34.4154 -17.9497 0.0 3.175 3.175 3.175 0.0 0.0 0.0 0.0 0.01576 2 1 Phantom 0.0 0.0 0.0 0.0 0.0 0.0 0 0.0 0.0 8388863 none 
4 -5.12439 9.60182 -17.074 0.0 3.175 3.175 3.175 0.0 0.0 0.0 0.0 0.01576 2 1 Phantom 0.0 0.0 0.0 0.0 0.0 0.0 0 0.0 0.0 8388863 none 
4 -4.73809 -58.7998 3.17244 0.0 3.175 3.175 3.175 0.0 0.0 0.0 0.0 0.01576 2 1 Phantom 0.0 0.0 0.0 0.0 0.0 0.0 0 0.0 0.0 8388863 none 
4 -16.782 -37.3912 -19.1332 0.0 3.175 3.175 3.175 0.0 0.0 0.0 0.0 0.01576 2 1 Phantom 0.0 0.0 0.0 0.0 0.0 0.0 0 0.0 0.0 8388863 none 
4 -13.5902 79.9741 -13.68 0.0 3.175 3.175 3.175 0.0 0.0 0.0 0.0 0.01576 2 1 Phantom 0.0 0.0 0.0 0.0 0.0 0.0 0 0.0 0.0 8388863 none 
4 40.197 2.47632 -12.0185 0.0 3.175 3.175 3.175 0.0 0.0 0.0 0.0 0.01576 2 1 Phantom 0.0 0.0 0.0 0.0 0.0 0.0 0 0.0 0.0 8388863 none 
4 -39.4894 -30.4718 -17.5509 0.0 3.175 3.175 3.175 0.0 0.0 0.0 0.0 0.01576 2 1 Phantom 0.0 0.0 0.0 0.0 0.0 0.0 0 0.0 0.0 8388863 none 
4 -36.8555 10.0086 -16.1918 0.0 3.175 3.175 3.175 0.0 0.0 0.0 0.0 0.01576 2 1 Phantom 0.0 0.0 0.0 0.0 0.0 0.0 0 0.0 0.0 8388863 none 
4 28.9093 12.2305 -15.511 0.0 3.175 3.175 3.175 0.0 0.0 0.0 0.0 0.01576 2 1 Phantom 0.0 0.0 0.0 0.0 0.0 0.0 0 0.0 0.0 8388863 none 
4 24.3324 20.2107 4.10836 0.0 3.175 3.175 3.175 0.0 0.0 0.0 0.0 0.01576 2 1 Phantom 0.0 0.0 0.0 0.0 0.0 0.0 0 0.0 0.0 8388863 none 
4 -0.142763 51.3997 18.0053 0.0 3.175 3.175 3.175 0.0 0.0 0.0 0.0 0.01576 2 1 Phantom 0.0 0.0 0.0 0.0 0.0 0.0 0 0.0 0.0 8388863 none 
4 -27.388 -85.4979 -13.8104 0.0 3.175 3.175 3.175 0.0 0.0 0.0 0.0 0.01576 2 1 Phantom 0.0 0.0 0.0 0.0 0.0 0.0 0 0.0 0.0 8388863 none 
4 -35.1412 -87.436 9.98227 0.0 3.175 3.175 3.175 0.0 0.0 0.0 0.0 0.01576 2 1 Phantom 0.0 0.0 0.0 0.0 0.0 0.0 0 0.0 0.0 8388863 none 
4 -24.9403 -58.5546 13.4925 0.0 3.175 3.175 3.175 0.0 0.0 0.0 0.0 0.01576 2 1 Phantom 0.0 0.0 0.0 0.0 0.0 0.0 0 0.0 0.0 8388863 none 
4 -12.7539 -4.40955 13.4647 0.0 3.175 3.175 3.175 0.0 0.0 0.0 0.0 0.01576 2 1 Phantom 0.0 0.0 0.0 0.0 0.0 0.0 0 0.0 0.0 8388863 none 
4 -35.4696 7.40782 -2.14374 0.0 3.175 3.175 3.175 0.0 0.0 0.0 0.0 0.01576 2 1 Phantom 0.0 0.0 0.0 0.0 0.0 0.0 0 0.0 0.0 8388863 none 
4 -14.4899 48.2017 5.91055 0.0 3.175 3.175 3.175 0.0 0.0 0.0 0.0 0.01576 2 1 Phantom 0.0 0.0 0.0 0.0 0.0 0.0 0 0.0 0.0 8388863 none 
4 32.651 -17.658 19.2102 0.0 3.175 3.175 3.175 0.0 0.0 0.0 0.0 0.01576 2 1 Phantom 0.0 0.0 0.0 0.0 0.0 0.0 0 0.0 0.0 8388863 none 
4 -33.0509 -65.1311 8.09782 0.0 3.175 3.175 3.175 0.0 0.0 0.0 0.0 0.01576 2 1 Phantom 0.0 0.0 0.0 0.0 0.0 0.0 0 0.0 0.0 8388863 none 
4 -25.2833 83.6971 3.45113 0.0 3.175 3.175 3.175 0.0 0.0 0.0 0.0 0.01576 2 1 Phantom 0.0 0.0 0.0 0.0 0.0 0.0 0 0.0 0.0 8388863 none 
4 5.56795 45.1103 7.38889 0.0 3.175 3.175 3.175 0.0 0.0 0.0 0.0 0.01576 2 1 Phantom 0.0 0.0 0.0 0.0 0.0 0.0 0 0.0 0.0 8388863 none 
4 40.2835 -1.11725 -18.6518 0.0 3.175 3.175 3.175 0.0 0.0 0.0 0.0 0.01576 2 1 Phantom 0.0 0.0 0.0 0.0 0.0 0.0 0 0.0 0.0 8388863 none 
4 -43.0534 -27.2627 18.8824 0.0 3.175 3.175 3.175 0.0 0.0 0.0 0.0 0.01576 2 1 Phantom 0.0 0.0 0.0 0.0 0.0 0.0 0 0.0 0.0 8388863 none 
4 -36.1934 59.2326 7.7767 0.0 3.175 3.175 3.175 0.0 0.0 0.0 0.0 0.01576 2 1 Phantom 0.0 0.0 0.0 0.0 0.0 0.0 0 0.0 0.0 8388863 none 
4 16.5489 57.4259 -3.92671 0.0 3.175 3.175 3.175 0.0 0.0 0.0 0.0 0.01576 2 1 Phantom 0.0 0.0 0.0 0.0 0.0 0.0 0 0.0 0.0 8388863 none 
4 17.6524 -49.8439 17.953 0.0 3.175 3.175 3.175 0.0 0.0 0.0 0.0 0.01576 2 1 Phantom 0.0 0.0 0.0 0.0 0.0 0.0 0 0.0 0.0 8388863 none 
4 -25.2667 -5.47372 -4.81051 0.0 3.175 3.175 3.175 0.0 0.0 0.0 0.0 0.01576 2 1 Phantom 0.0 0.0 0.0 0.0 0.0 0.0 0 0.0 0.0 8388863 none 
4 -29.6677 84.9324 -17.9763 0.0 3.175 3.175 3.175 0.0 0.0 0.0 0.0 0.01576 2 1 Phantom 0.0 0.0 0.0 0.0 0.0 0.0 0 0.0 0.0 8388863 none 
4 39.0372 -10.7183 -14.1012 0.0 3.175 3.175 3.175 0.0 0.0 0.0 0.0 0.01576 2 1 Phantom 0.0 0.0 0.0 0.0 0.0 0.0 0 0.0 0.0 8388863 none 
4 -23.0563 18.8109 -11.7295 0.0 3.175 3.175 3.175 0.0 0.0 0.0 0.0 0.01576 2 1 Phantom 0.0 0.0 0.0 0.0 0.0 0.0 0 0.0 0.0 8388863 none 
4 39.9836 -3.8034 7.09959 0.0 3.175 3.175 3.175 0.0 0.0 0.0 0.0 0.01576 2 1 Phantom 0.0 0.0 0.0 0.0 0.0 0.0 0 0.0 0.0 8388863 none 
4 -44.1602 20.2988 -13.7211 0.0 3.175 3.175 3.175 0.0 0.0 0.0 0.0 0.01576 2 1 Phantom 0.0 0.0 0.0 0.0 0.0 0.0 0 0.0 0.0 8388863 none 
4 16.4645 8.54467 -17.3808 0.0 3.175 3.175 3.175 0.0 0.0 0.0 0.0 0.01576 2 1 Phantom 0.0 0.0 0.0 0.0 0.0 0.0 0 0.0 0.0 8388863 none 
4 36.7275 -15.3449 -5.73071 0.0 3.175 3.175 3.175 0.0 0.0 0.0 0.0 0.01576 2 1 Phantom 0.0 0.0 0.0 0.0 0.0 0.0 0 0.0 0.0 8388863 none 
4 -4.73822 59.8403 1.83352 0.0 3.175 3.175 3.175 0.0 0.0 0.0 0.0 0.01576 2 1 Phantom 0.0 0.0 0.0 0.0 0.0 0.0 0 0.0 0.0 8388863 none 
4 25.0408 -23.9547 -19.0898 0.0 3.175 3.175 3.175 0.0 0.0 0.0 0.0 0.01576 2 1 Phantom 0.0 0.0 0.0 0.0 0.0 0.0 0 0.0 0.0 8388863 none 
4 19.1991 0.26128 -18.5777 0.0 3.175 3.175 3.175 0.0 0.0 0.0 0.0 0.01576 2 1 Phantom 0.0 0.0 0.0 0.0 0.0 0.0 0 0.0 0.0 8388863 none 
4 -30.3609 25.7351 -3.60823 0.0 3.175 3.175 3.175 0.0 0.0 0.0 0.0 0.01576 2 1 Phantom 0.0 0.0 0.0 0.0 0.0 0.0 0 0.0 0.0 8388863 none 
4 29.7766 26.8325 -16.5525 0.0 3.175 3.175 3.175 0.0 0.0 0.0 0.0 0.01576 2 1 Phantom 0.0 0.0 0.0 0.0 0.0 0.0 0 0.0 0.0 8388863 none 
4 27.8309 45.1739 -4.66424 0.0 3.175 3.175 3.175 0.0 0.0 0.0 0.0 0.01576 2 1 Phantom 0.0 0.0 0.0 0.0 0.0 0.0 0 0.0 0.0 8388863 none 
4 -32.3427 -4.59569 5.36486 0.0 3.175 3.175 3.175 0.0 0.0 0.0 0.0 0.01576 2 1 Phantom 0.0 0.0 0.0 0.0 0.0 0.0 0 0.0 0.0 8388863 none 
4 -36.3026 -86.9066 -0.207429 0.0 3.175 3.175 3.175 0.0 0.0 0.0 0.0 0.01576 2 1 Phantom 0.0 0.0 0.0 0.0 0.0 0.0 0 0.0 0.0 8388863 none 
4 1.29818 -15.3692 18.0672 0.0 3.175 3.175 3.175 0.0 0.0 0.0 0.0 0.01576 2 1 Phantom 0.0 0.0 0.0 0.0 0.0 0.0 0 0.0 0.0 8388863 none 
4 -18.3573 -29.9545 -15.7457 0.0 3.175 3.175 3.175 0.0 0.0 0.0 0.0 0.01576 2 1 Phantom 0.0 0.0 0.0 0.0 0.0 0.0 0 0.0 0.0 8388863 none 
4 -30.1008 -43.4446 -3.71184 0.0 3.175 3.175 3.175 0.0 0.0 0.0 0.0 0.01576 2 1 Phantom 0.0 0.0 0.0 0.0 0.0 0.0 0 0.0 0.0 8388863 none 
4 33.8279 -33.3379 16.1398 0.0 3.175 3.175 3.175 0.0 0.0 0.0 0.0 0.01576 2 1 Phantom 0.0 0.0 0.0 0.0 0.0 0.0 0 0.0 0.0 8388863 none 
4 6.06199 -14.9747 -9.16101 0.0 3.175 3.175 3.175 0.0 0.0 0.0 0.0 0.01576 2 1 Phantom 0.0 0.0 0.0 0.0 0.0 0.0 0 0.0 0.0 8388863 none 
4 -7.56876 -42.4703 -6.42348 0.0 3.175 3.175 3.175 0.0 0.0 0.0 0.0 0.01576 2 1 Phantom 0.0 0.0 0.0 0.0 0.0 0.0 0 0.0 0.0 8388863 none 
4 -11.6452 62.1027 19.2823 0.0 3.175 3.175 3.175 0.0 0.0 0.0 0.0 0.01576 2 1 Phantom 0.0 0.0 0.0 0.0 0.0 0.0 0 0.0 0.0 8388863 none 
4 -25.1348 -71.8292 -16.3111 0.0 3.175 3.175 3.175 0.0 0.0 0.0 0.0 0.01576 2 1 Phantom 0.0 0.0 0.0 0.0 0.0 0.0 0 0.0 0.0 8388863 none 
4 6.48676 -40.3792 18.5676 0.0 3.175 3.175 3.175 0.0 0.0 0.0 0.0 0.01576 2 1 Phantom 0.0 0.0 0.0 0.0 0.0 0.0 0 0.0 0.0 8388863 none 
4 4.74667 -60.1932 13.818 0.0 3.175 3.175 3.175 0.0 0.0 0.0 0.0 0.01576 2 1 Phantom 0.0 0.0 0.0 0.0 0.0 0.0 0 0.0 0.0 8388863 none 
4 -43.0459 -64.413 -16.8344 0.0 3.175 3.175 3.175 0.0 0.0 0.0 0.0 0.01576 2 1 Phantom 0.0 0.0 0.0 0.0 0.0 0.0 0 0.0 0.0 8388863 none 
4 32.4855 34.4923 -18.0236 0.0 3.175 3.175 3.175 0.0 0.0 0.0 0.0 0.01576 2 1 Phantom 0.0 0.0 0.0 0.0 0.0 0.0 0 0.0 0.0 8388863 none 
4 -44.2604 -11.867 -7.89458 0.0 3.175 3.175 3.175 0.0 0.0 0.0 0.0 0.01576 2 1 Phantom 0.0 0.0 0.0 0.0 0.0 0.0 0 0.0 0.0 8388863 none 
4 -7.30929 -18.7549 -17.4672 0.0 3.175 3.175 3.175 0.0 0.0 0.0 0.0 0.01576 2 1 Phantom 0.0 0.0 0.0 0.0 0.0 0.0 0 0.0 0.0 8388863 none 
4 -23.343 -38.9833 4.07017 0.0 3.175 3.175 3.175 0.0 0.0 0.0 0.0 0.01576 2 1 Phantom 0.0 0.0 0.0 0.0 0.0 0.0 0 0.0 0.0 8388863 none 
4 -32.5508 20.6123 4.48834 0.0 3.175 3.175 3.175 0.0 0.0 0.0 0.0 0.01576 2 1 Phantom 0.0 0.0 0.0 0.0 0.0 0.0 0 0.0 0.0 8388863 none 
4 -8.94204 -19.5169 18.0004 0.0 3.175 3.175 3.175 0.0 0.0 0.0 0.0 0.01576 2 1 Phantom 0.0 0.0 0.0 0.0 0.0 0.0 0 0.0 0.0 8388863 none 
4 0.344329 -47.3158 7.1885 0.0 3.175 3.175 3.175 0.0 0.0 0.0 0.0 0.01576 2 1 Phantom 0.0 0.0 0.0 0.0 0.0 0.0 0 0.0 0.0 8388863 none 
4 -7.20107 67.7419 -19.0683 0.0 3.175 3.175 3.175 0.0 0.0 0.0 0.0 0.01576 2 1 Phantom 0.0 0.0 0.0 0.0 0.0 0.0 0 0.0 0.0 8388863 none 
4 -19.867 -76.7404 19.1825 0.0 3.175 3.175 3.175 0.0 0.0 0.0 0.0 0.01576 2 1 Phantom 0.0 0.0 0.0 0.0 0.0 0.0 0 0.0 0.0 8388863 none 
4 -36.4351 14.2476 -7.31086 0.0 3.175 3.175 3.175 0.0 0.0 0.0 0.0 0.01576 2 1 Phantom 0.0 0.0 0.0 0.0 0.0 0.0 0 0.0 0.0 8388863 none 
4 -22.4494 -26.8941 -9.00681 0.0 3.175 3.175 3.175 0.0 0.0 0.0 0.0 0.01576 2 1 Phantom 0.0 0.0 0.0 0.0 0.0 0.0 0 0.0 0.0 8388863 none 
4 17.9395 53.6461 -18.4994 0.0 3.175 3.175 3.175 0.0 0.0 0.0 0.0 0.01576 2 1 Phantom 0.0 0.0 0.0 0.0 0.0 0.0 0 0.0 0.0 8388863 none 
4 15.5126 -60.1984 -17.0159 0.0 3.175 3.175 3.175 0.0 0.0 0.0 0.0 0.01576 2 1 Phantom 0.0 0.0 0.0 0.0 0.0 0.0 0 0.0 0.0 8388863 none 
4 -2.35933 30.1485 12.3072 0.0 3.175 3.175 3.175 0.0 0.0 0.0 0.0 0.01576 2 1 Phantom 0.0 0.0 0.0 0.0 0.0 0.0 0 0.0 0.0 8388863 none 
4 12.9324 -19.2392 -8.10503 0.0 3.175 3.175 3.175 0.0 0.0 0.0 0.0 0.01576 2 1 Phantom 0.0 0.0 0.0 0.0 0.0 0.0 0 0.0 0.0 8388863 none 
4 -41.0006 -71.0199 10.4796 0.0 3.175 3.175 3.175 0.0 0.0 0.0 0.0 0.01576 2 1 Phantom 0.0 0.0 0.0 0.0 0.0 0.0 0 0.0 0.0 8388863 none 
4 -30.785 87.0207 5.99928 0.0 3.175 3.175 3.175 0.0 0.0 0.0 0.0 0.01576 2 1 Phantom 0.0 0.0 0.0 0.0 0.0 0.0 0 0.0 0.0 8388863 none 
4 14.0635 -22.9273 4.82638 0.0 3.175 3.175 3.175 0.0 0.0 0.0 0.0 0.01576 2 1 Phantom 0.0 0.0 0.0 0.0 0.0 0.0 0 0.0 0.0 8388863 none 
4 -12.2941 71.6068 18.3739 0.0 3.175 3.175 3.175 0.0 0.0 0.0 0.0 0.01576 2 1 Phantom 0.0 0.0 0.0 0.0 0.0 0.0 0 0.0 0.0 8388863 none 
4 -8.75659 -79.0548 9.36373 0.0 3.175 3.175 3.175 0.0 0.0 0.0 0.0 0.01576 2 1 Phantom 0.0 0.0 0.0 0.0 0.0 0.0 0 0.0 0.0 8388863 none 
4 -44.6969 31.6057 -8.07328 0.0 3.175 3.175 3.175 0.0 0.0 0.0 0.0 0.01576 2 1 Phantom 0.0 0.0 0.0 0.0 0.0 0.0 0 0.0 0.0 8388863 none 
4 -24.8504 -37.5557 -19.2932 0.0 3.175 3.175 3.175 0.0 0.0 0.0 0.0 0.01576 2 1 Phantom 0.0 0.0 0.0 0.0 0.0 0.0 0 0.0 0.0 8388863 none 
4 -40.369 -58.3662 -18.947 0.0 3.175 3.175 3.175 0.0 0.0 0.0 0.0 0.01576 2 1 Phantom 0.0 0.0 0.0 0.0 0.0 0.0 0 0.0 0.0 8388863 none 
4 -32.1271 85.7194 18.9147 0.0 3.175 3.175 3.175 0.0 0.0 0.0 0.0 0.01576 2 1 Phantom 0.0 0.0 0.0 0.0 0.0 0.0 0 0.0 0.0 8388863 none 
4 0.481717 -34.5444 -11.7586 0.0 3.175 3.175 3.175 0.0 0.0 0.0 0.0 0.01576 2 1 Phantom 0.0 0.0 0.0 0.0 0.0 0.0 0 0.0 0.0 8388863 none 
4 -12.7083 -3.50328 -11.2726 0.0 3.175 3.175 3.175 0.0 0.0 0.0 0.0 0.01576 2 1 Phantom 0.0 0.0 0.0 0.0 0.0 0.0 0 0.0 0.0 8388863 none 
4 -22.0634 -84.552 6.38268 0.0 3.175 3.175 3.175 0.0 0.0 0.0 0.0 0.01576 2 1 Phantom 0.0 0.0 0.0 0.0 0.0 0.0 0 0.0 0.0 8388863 none 
4 -44.6497 86.8253 4.48735 0.0 3.175 3.175 3.175 0.0 0.0 0.0 0.0 0.01576 2 1 Phantom 0.0 0.0 0.0 0.0 0.0 0.0 0 0.0 0.0 8388863 none 
4 -38.6815 72.776 12.6215 0.0 3.175 3.175 3.175 0.0 0.0 0.0 0.0 0.01576 2 1 Phantom 0.0 0.0 0.0 0.0 0.0 0.0 0 0.0 0.0 8388863 none 
4 5.94484 23.5621 -17.3707 0.0 3.175 3.175 3.175 0.0 0.0 0.0 0.0 0.01576 2 1 Phantom 0.0 0.0 0.0 0.0 0.0 0.0 0 0.0 0.0 8388863 none 
4 -21.1326 -64.2344 10.2646 0.0 3.175 3.175 3.175 0.0 0.0 0.0 0.0 0.01576 2 1 Phantom 0.0 0.0 0.0 0.0 0.0 0.0 0 0.0 0.0 8388863 none 
4 22.8994 26.9743 8.96002 0.0 3.175 3.175 3.175 0.0 0.0 0.0 0.0 0.01576 2 1 Phantom 0.0 0.0 0.0 0.0 0.0 0.0 0 0.0 0.0 8388863 none 
4 -45.2527 -47.2783 -19.2356 0.0 3.175 3.175 3.175 0.0 0.0 0.0 0.0 0.01576 2 1 Phantom 0.0 0.0 0.0 0.0 0.0 0.0 0 0.0 0.0 8388863 none 
4 -6.57217 -57.2178 10.2003 0.0 3.175 3.175 3.175 0.0 0.0 0.0 0.0 0.01576 2 1 Phantom 0.0 0.0 0.0 0.0 0.0 0.0 0 0.0 0.0 8388863 none 
4 0.251026 70.048 11.148 0.0 3.175 3.175 3.175 0.0 0.0 0.0 0.0 0.01576 2 1 Phantom 0.0 0.0 0.0 0.0 0.0 0.0 0 0.0 0.0 8388863 none 
4 -31.7524 12.4697 18.1441 0.0 3.175 3.175 3.175 0.0 0.0 0.0 0.0 0.01576 2 1 Phantom 0.0 0.0 0.0 0.0 0.0 0.0 0 0.0 0.0 8388863 none 
4 1.00532 15.5173 3.09538 0.0 3.175 3.175 3.175 0.0 0.0 0.0 0.0 0.01576 2 1 Phantom 0.0 0.0 0.0 0.0 0.0 0.0 0 0.0 0.0 8388863 none 
4 7.10032 -67.386 6.65293 0.0 3.175 3.175 3.175 0.0 0.0 0.0 0.0 0.01576 2 1 Phantom 0.0 0.0 0.0 0.0 0.0 0.0 0 0.0 0.0 8388863 none 
4 -29.5412 -0.0547864 18.5102 0.0 3.175 3.175 3.175 0.0 0.0 0.0 0.0 0.01576 2 1 Phantom 0.0 0.0 0.0 0.0 0.0 0.0 0 0.0 0.0 8388863 none 
4 2.39281 -15.873 1.46188 0.0 3.175 3.175 3.175 0.0 0.0 0.0 0.0 0.01576 2 1 Phantom 0.0 0.0 0.0 0.0 0.0 0.0 0 0.0 0.0 8388863 none 
4 0.844499 -57.6717 -19.0705 0.0 3.175 3.175 3.175 0.0 0.0 0.0 0.0 0.01576 2 1 Phantom 0.0 0.0 0.0 0.0 0.0 0.0 0 0.0 0.0 8388863 none 
4 -18.6025 28.7378 6.61303 0.0 3.175 3.175 3.175 0.0 0.0 0.0 0.0 0.01576 2 1 Phantom 0.0 0.0 0.0 0.0 0.0 0.0 0 0.0 0.0 8388863 none 
4 21.0903 51.1432 2.01525 0.0 3.175 3.175 3.175 0.0 0.0 0.0 0.0 0.01576 2 1 Phantom 0.0 0.0 0.0 0.0 0.0 0.0 0 0.0 0.0 8388863 none 
4 -3.70277 44.5968 -7.39562 0.0 3.175 3.175 3.175 0.0 0.0 0.0 0.0 0.01576 2 1 Phantom 0.0 0.0 0.0 0.0 0.0 0.0 0 0.0 0.0 8388863 none 
4 17.407 -37.7059 10.2723 0.0 3.175 3.175 3.175 0.0 0.0 0.0 0.0 0.01576 2 1 Phantom 0.0 0.0 0.0 0.0 0.0 0.0 0 0.0 0.0 8388863 none 
4 -29.8298 -39.4054 8.2664 0.0 3.175 3.175 3.175 0.0 0.0 0.0 0.0 0.01576 2 1 Phantom 0.0 0.0 0.0 0.0 0.0 0.0 0 0.0 0.0 8388863 none 
4 -34.9886 -49.5091 -6.25538 0.0 3.175 3.175 3.175 0.0 0.0 0.0 0.0 0.01576 2 1 Phantom 0.0 0.0 0.0 0.0 0.0 0.0 0 0.0 0.0 8388863 none 
4 2.98867 61.2528 5.32293 0.0 3.175 3.175 3.175 0.0 0.0 0.0 0.0 0.01576 2 1 Phantom 0.0 0.0 0.0 0.0 0.0 0.0 0 0.0 0.0 8388863 none 
4 -41.5436 59.8872 18.7258 0.0 3.175 3.175 3.175 0.0 0.0 0.0 0.0 0.01576 2 1 Phantom 0.0 0.0 0.0 0.0 0.0 0.0 0 0.0 0.0 8388863 none 
4 -38.5396 87.9307 -10.5228 0.0 3.175 3.175 3.175 0.0 0.0 0.0 0.0 0.01576 2 1 Phantom 0.0 0.0 0.0 0.0 0.0 0.0 0 0.0 0.0 8388863 none 
4 -21.8036 -20.4006 0.411831 0.0 3.175 3.175 3.175 0.0 0.0 0.0 0.0 0.01576 2 1 Phantom 0.0 0.0 0.0 0.0 0.0 0.0 0 0.0 0.0 8388863 none 
4 0.866907 5.0145 -17.5898 0.0 3.175 3.175 3.175 0.0 0.0 0.0 0.0 0.01576 2 1 Phantom 0.0 0.0 0.0 0.0 0.0 0.0 0 0.0 0.0 8388863 none 
4 10.0405 -65.8101 -3.21191 0.0 3.175 3.175 3.175 0.0 0.0 0.0 0.0 0.01576 2 1 Phantom 0.0 0.0 0.0 0.0 0.0 0.0 0 0.0 0.0 8388863 none 
4 -4.84111 35.454 18.8881 0.0 3.175 3.175 3.175 0.0 0.0 0.0 0.0 0.01576 2 1 Phantom 0.0 0.0 0.0 0.0 0.0 0.0 0 0.0 0.0 8388863 none 
4 -43.6977 -19.0286 -6.34542 0.0 3.175 3.175 3.175 0.0 0.0 0.0 0.0 0.01576 2 1 Phantom 0.0 0.0 0.0 0.0 0.0 0.0 0 0.0 0.0 8388863 none 
4 -3.253 75.7404 -5.45498 0.0 3.175 3.175 3.175 0.0 0.0 0.0 0.0 0.01576 2 1 Phantom 0.0 0.0 0.0 0.0 0.0 0.0 0 0.0 0.0 8388863 none 
4 -43.5779 -74.591 4.34471 0.0 3.175 3.175 3.175 0.0 0.0 0.0 0.0 0.01576 2 1 Phantom 0.0 0.0 0.0 0.0 0.0 0.0 0 0.0 0.0 8388863 none 
4 17.8235 -57.9647 -2.88228 0.0 3.175 3.175 3.175 0.0 0.0 0.0 0.0 0.01576 2 1 Phantom 0.0 0.0 0.0 0.0 0.0 0.0 0 0.0 0.0 8388863 none 
4 -35.1876 -9.93363 2.93265 0.0 3.175 3.175 3.175 0.0 0.0 0.0 0.0 0.01576 2 1 Phantom 0.0 0.0 0.0 0.0 0.0 0.0 0 0.0 0.0 8388863 none 
4 -11.8784 -52.2494 5.15057 0.0 3.175 3.175 3.175 0.0 0.0 0.0 0.0 0.01576 2 1 Phantom 0.0 0.0 0.0 0.0 0.0 0.0 0 0.0 0.0 8388863 none 
4 -45.2646 -27.5394 -16.8857 0.0 3.175 3.175 3.175 0.0 0.0 0.0 0.0 0.01576 2 1 Phantom 0.0 0.0 0.0 0.0 0.0 0.0 0 0.0 0.0 8388863 none 
4 8.60806 42.3315 -18.9097 0.0 3.175 3.175 3.175 0.0 0.0 0.0 0.0 0.01576 2 1 Phantom 0.0 0.0 0.0 0.0 0.0 0.0 0 0.0 0.0 8388863 none 
4 -44.5882 30.7296 13.8124 0.0 3.175 3.175 3.175 0.0 0.0 0.0 0.0 0.01576 2 1 Phantom 0.0 0.0 0.0 0.0 0.0 0.0 0 0.0 0.0 8388863 none 
4 -19.4384 11.47 19.0806 0.0 3.175 3.175 3.175 0.0 0.0 0.0 0.0 0.01576 2 1 Phantom 0.0 0.0 0.0 0.0 0.0 0.0 0 0.0 0.0 8388863 none 
4 -19.6804 83.1043 -17.1546 0.0 3.175 3.175 3.175 0.0 0.0 0.0 0.0 0.01576 2 1 Phantom 0.0 0.0 0.0 0.0 0.0 0.0 0 0.0 0.0 8388863 none 
4 -3.56749 -52.4126 3.13571 0.0 3.175 3.175 3.175 0.0 0.0 0.0 0.0 0.01576 2 1 Phantom 0.0 0.0 0.0 0.0 0.0 0.0 0 0.0 0.0 8388863 none 
4 7.74828 67.373 7.10113 0.0 3.175 3.175 3.175 0.0 0.0 0.0 0.0 0.01576 2 1 Phantom 0.0 0.0 0.0 0.0 0.0 0.0 0 0.0 0.0 8388863 none 
4 24.1313 -50.3925 -18.8276 0.0 3.175 3.175 3.175 0.0 0.0 0.0 0.0 0.01576 2 1 Phantom 0.0 0.0 0.0 0.0 0.0 0.0 0 0.0 0.0 8388863 none 
4 -32.3106 55.8161 -17.1563 0.0 3.175 3.175 3.175 0.0 0.0 0.0 0.0 0.01576 2 1 Phantom 0.0 0.0 0.0 0.0 0.0 0.0 0 0.0 0.0 8388863 none 
4 -35.6664 -19.6249 18.3745 0.0 3.175 3.175 3.175 0.0 0.0 0.0 0.0 0.01576 2 1 Phantom 0.0 0.0 0.0 0.0 0.0 0.0 0 0.0 0.0 8388863 none 
4 10.2389 -49.1336 -4.64217 0.0 3.175 3.175 3.175 0.0 0.0 0.0 0.0 0.01576 2 1 Phantom 0.0 0.0 0.0 0.0 0.0 0.0 0 0.0 0.0 8388863 none 
4 -28.4149 -75.829 -8.69616 0.0 3.175 3.175 3.175 0.0 0.0 0.0 0.0 0.01576 2 1 Phantom 0.0 0.0 0.0 0.0 0.0 0.0 0 0.0 0.0 8388863 none 
4 -30.4708 2.41216 -18.74 0.0 3.175 3.175 3.175 0.0 0.0 0.0 0.0 0.01576 2 1 Phantom 0.0 0.0 0.0 0.0 0.0 0.0 0 0.0 0.0 8388863 none 
4 21.1409 -18.2222 -19.23 0.0 3.175 3.175 3.175 0.0 0.0 0.0 0.0 0.01576 2 1 Phantom 0.0 0.0 0.0 0.0 0.0 0.0 0 0.0 0.0 8388863 none 
4 2.85314 -4.70797 -0.387834 0.0 3.175 3.175 3.175 0.0 0.0 0.0 0.0 0.01576 2 1 Phantom 0.0 0.0 0.0 0.0 0.0 0.0 0 0.0 0.0 8388863 none 
4 -33.5672 72.2073 2.30924 0.0 3.175 3.175 3.175 0.0 0.0 0.0 0.0 0.01576 2 1 Phantom 0.0 0.0 0.0 0.0 0.0 0.0 0 0.0 0.0 8388863 none 
4 -23.9745 -55.43 19.1235 0.0 3.175 3.175 3.175 0.0 0.0 0.0 0.0 0.01576 2 1 Phantom 0.0 0.0 0.0 0.0 0.0 0.0 0 0.0 0.0 8388863 none 
4 -41.0149 52.5893 -1.11602 0.0 3.175 3.175 3.175 0.0 0.0 0.0 0.0 0.01576 2 1 Phantom 0.0 0.0 0.0 0.0 0.0 0.0 0 0.0 0.0 8388863 none 
4 -35.1053 34.4098 4.22403 0.0 3.175 3.175 3.175 0.0 0.0 0.0 0.0 0.01576 2 1 Phantom 0.0 0.0 0.0 0.0 0.0 0.0 0 0.0 0.0 8388863 none 
4 3.22782 -71.8387 1.49863 0.0 3.175 3.175 3.175 0.0 0.0 0.0 0.0 0.01576 2 1 Phantom 0.0 0.0 0.0 0.0 0.0 0.0 0 0.0 0.0 8388863 none 
4 0.126299 -64.9855 -18.1649 0.0 3.175 3.175 3.175 0.0 0.0 0.0 0.0 0.01576 2 1 Phantom 0.0 0.0 0.0 0.0 0.0 0.0 0 0.0 0.0 8388863 none 
4 5.82802 10.9498 2.79137 0.0 3.175 3.175 3.175 0.0 0.0 0.0 0.0 0.01576 2 1 Phantom 0.0 0.0 0.0 0.0 0.0 0.0 0 0.0 0.0 8388863 none 
4 -44.5106 -34.5224 4.51994 0.0 3.175 3.175 3.175 0.0 0.0 0.0 0.0 0.01576 2 1 Phantom 0.0 0.0 0.0 0.0 0.0 0.0 0 0.0 0.0 8388863 none 
4 -5.86242 15.7332 -10.3572 0.0 3.175 3.175 3.175 0.0 0.0 0.0 0.0 0.01576 2 1 Phantom 0.0 0.0 0.0 0.0 0.0 0.0 0 0.0 0.0 8388863 none 
4 29.7055 -37.3517 18.9162 0.0 3.175 3.175 3.175 0.0 0.0 0.0 0.0 0.01576 2 1 Phantom 0.0 0.0 0.0 0.0 0.0 0.0 0 0.0 0.0 8388863 none 
4 -24.287 71.1697 -11.0091 0.0 3.175 3.175 3.175 0.0 0.0 0.0 0.0 0.01576 2 1 Phantom 0.0 0.0 0.0 0.0 0.0 0.0 0 0.0 0.0 8388863 none 
4 -44.4068 -20.0809 5.67707 0.0 3.175 3.175 3.175 0.0 0.0 0.0 0.0 0.01576 2 1 Phantom 0.0 0.0 0.0 0.0 0.0 0.0 0 0.0 0.0 8388863 none 
4 -11.2263 14.7193 18.3778 0.0 3.175 3.175 3.175 0.0 0.0 0.0 0.0 0.01576 2 1 Phantom 0.0 0.0 0.0 0.0 0.0 0.0 0 0.0 0.0 8388863 none 
4 -23.2512 -76.7616 -4.47426 0.0 3.175 3.175 3.175 0.0 0.0 0.0 0.0 0.01576 2 1 Phantom 0.0 0.0 0.0 0.0 0.0 0.0 0 0.0 0.0 8388863 none 
4 -44.2238 33.7428 1.25305 0.0 3.175 3.175 3.175 0.0 0.0 0.0 0.0 0.01576 2 1 Phantom 0.0 0.0 0.0 0.0 0.0 0.0 0 0.0 0.0 8388863 none 
4 -28.811 41.7338 -6.2502 0.0 3.175 3.175 3.175 0.0 0.0 0.0 0.0 0.01576 2 1 Phantom 0.0 0.0 0.0 0.0 0.0 0.0 0 0.0 0.0 8388863 none 
4 -45.1575 -59.4928 -11.366 0.0 3.175 3.175 3.175 0.0 0.0 0.0 0.0 0.01576 2 1 Phantom 0.0 0.0 0.0 0.0 0.0 0.0 0 0.0 0.0 8388863 none 
4 -44.3764 -10.2177 15.6246 0.0 3.175 3.175 3.175 0.0 0.0 0.0 0.0 0.01576 2 1 Phantom 0.0 0.0 0.0 0.0 0.0 0.0 0 0.0 0.0 8388863 none 
4 -20.3259 -16.2056 -4.98559 0.0 3.175 3.175 3.175 0.0 0.0 0.0 0.0 0.01576 2 1 Phantom 0.0 0.0 0.0 0.0 0.0 0.0 0 0.0 0.0 8388863 none 
4 8.61339 -47.5387 -17.8165 0.0 3.175 3.175 3.175 0.0 0.0 0.0 0.0 0.01576 2 1 Phantom 0.0 0.0 0.0 0.0 0.0 0.0 0 0.0 0.0 8388863 none 
4 -29.1142 -45.5747 -11.3215 0.0 3.175 3.175 3.175 0.0 0.0 0.0 0.0 0.01576 2 1 Phantom 0.0 0.0 0.0 0.0 0.0 0.0 0 0.0 0.0 8388863 none 
4 -45.1797 -54.3214 2.74125 0.0 3.175 3.175 3.175 0.0 0.0 0.0 0.0 0.01576 2 1 Phantom 0.0 0.0 0.0 0.0 0.0 0.0 0 0.0 0.0 8388863 none 
4 15.6158 39.288 9.96211 0.0 3.175 3.175 3.175 0.0 0.0 0.0 0.0 0.01576 2 1 Phantom 0.0 0.0 0.0 0.0 0.0 0.0 0 0.0 0.0 8388863 none 
4 1.78186 59.8599 -3.15323 0.0 3.175 3.175 3.175 0.0 0.0 0.0 0.0 0.01576 2 1 Phantom 0.0 0.0 0.0 0.0 0.0 0.0 0 0.0 0.0 8388863 none 
4 34.66 -28.9427 -9.91787 0.0 3.175 3.175 3.175 0.0 0.0 0.0 0.0 0.01576 2 1 Phantom 0.0 0.0 0.0 0.0 0.0 0.0 0 0.0 0.0 8388863 none 
4 -11.5368 80.1168 9.15937 0.0 3.175 3.175 3.175 0.0 0.0 0.0 0.0 0.01576 2 1 Phantom 0.0 0.0 0.0 0.0 0.0 0.0 0 0.0 0.0 8388863 none 
4 -29.201 35.767 -19.217 0.0 3.175 3.175 3.175 0.0 0.0 0.0 0.0 0.01576 2 1 Phantom 0.0 0.0 0.0 0.0 0.0 0.0 0 0.0 0.0 8388863 none 
4 -20.5275 82.1575 11.465 0.0 3.175 3.175 3.175 0.0 0.0 0.0 0.0 0.01576 2 1 Phantom 0.0 0.0 0.0 0.0 0.0 0.0 0 0.0 0.0 8388863 none 
4 20.2763 11.0311 0.252526 0.0 3.175 3.175 3.175 0.0 0.0 0.0 0.0 0.01576 2 1 Phantom 0.0 0.0 0.0 0.0 0.0 0.0 0 0.0 0.0 8388863 none 
4 -45.018 75.1937 19.2144 0.0 3.175 3.175 3.175 0.0 0.0 0.0 0.0 0.01576 2 1 Phantom 0.0 0.0 0.0 0.0 0.0 0.0 0 0.0 0.0 8388863 none 
4 20.6108 25.8215 -17.6937 0.0 3.175 3.175 3.175 0.0 0.0 0.0 0.0 0.01576 2 1 Phantom 0.0 0.0 0.0 0.0 0.0 0.0 0 0.0 0.0 8388863 none 
4 -30.6938 -16.6411 4.20159 0.0 3.175 3.175 3.175 0.0 0.0 0.0 0.0 0.01576 2 1 Phantom 0.0 0.0 0.0 0.0 0.0 0.0 0 0.0 0.0 8388863 none 
4 -34.3552 -17.5806 -18.0091 0.0 3.175 3.175 3.175 0.0 0.0 0.0 0.0 0.01576 2 1 Phantom 0.0 0.0 0.0 0.0 0.0 0.0 0 0.0 0.0 8388863 none 
4 -34.3252 -84.0417 18.4981 0.0 3.175 3.175 3.175 0.0 0.0 0.0 0.0 0.01576 2 1 Phantom 0.0 0.0 0.0 0.0 0.0 0.0 0 0.0 0.0 8388863 none 
4 16.0411 60.4588 12.5339 0.0 3.175 3.175 3.175 0.0 0.0 0.0 0.0 0.01576 2 1 Phantom 0.0 0.0 0.0 0.0 0.0 0.0 0 0.0 0.0 8388863 none 
4 14.7814 25.7503 -4.47033 0.0 3.175 3.175 3.175 0.0 0.0 0.0 0.0 0.01576 2 1 Phantom 0.0 0.0 0.0 0.0 0.0 0.0 0 0.0 0.0 8388863 none 
4 -45.2697 -2.21278 13.3673 0.0 3.175 3.175 3.175 0.0 0.0 0.0 0.0 0.01576 2 1 Phantom 0.0 0.0 0.0 0.0 0.0 0.0 0 0.0 0.0 8388863 none 
4 -7.58703 -45.0888 19.3099 0.0 3.175 3.175 3.175 0.0 0.0 0.0 0.0 0.01576 2 1 Phantom 0.0 0.0 0.0 0.0 0.0 0.0 0 0.0 0.0 8388863 none 
4 6.09692 55.1386 -18.1231 0.0 3.175 3.175 3.175 0.0 0.0 0.0 0.0 0.01576 2 1 Phantom 0.0 0.0 0.0 0.0 0.0 0.0 0 0.0 0.0 8388863 none 
4 24.6505 -18.8952 10.7219 0.0 3.175 3.175 3.175 0.0 0.0 0.0 0.0 0.01576 2 1 Phantom 0.0 0.0 0.0 0.0 0.0 0.0 0 0.0 0.0 8388863 none 
4 -45.0787 -35.3201 -7.81728 0.0 3.175 3.175 3.175 0.0 0.0 0.0 0.0 0.01576 2 1 Phantom 0.0 0.0 0.0 0.0 0.0 0.0 0 0.0 0.0 8388863 none 
4 -13.9773 53.139 18.8004 0.0 3.175 3.175 3.175 0.0 0.0 0.0 0.0 0.01576 2 1 Phantom 0.0 0.0 0.0 0.0 0.0 0.0 0 0.0 0.0 8388863 none 
4 22.8174 22.6878 -4.16731 0.0 3.175 3.175 3.175 0.0 0.0 0.0 0.0 0.01576 2 1 Phantom 0.0 0.0 0.0 0.0 0.0 0.0 0 0.0 0.0 8388863 none 
4 -33.2377 -59.3366 18.1351 0.0 3.175 3.175 3.175 0.0 0.0 0.0 0.0 0.01576 2 1 Phantom 0.0 0.0 0.0 0.0 0.0 0.0 0 0.0 0.0 8388863 none 
4 -45.276 49.0851 12.5263 0.0 3.175 3.175 3.175 0.0 0.0 0.0 0.0 0.01576 2 1 Phantom 0.0 0.0 0.0 0.0 0.0 0.0 0 0.0 0.0 8388863 none 
4 -3.8867 6.2576 18.545 0.0 3.175 3.175 3.175 0.0 0.0 0.0 0.0 0.01576 2 1 Phantom 0.0 0.0 0.0 0.0 0.0 0.0 0 0.0 0.0 8388863 none 
4 -45.1504 7.81875 18.9914 0.0 3.175 3.175 3.175 0.0 0.0 0.0 0.0 0.01576 2 1 Phantom 0.0 0.0 0.0 0.0 0.0 0.0 0 0.0 0.0 8388863 none 
4 26.7674 -18.0924 0.106306 0.0 3.175 3.175 3.175 0.0 0.0 0.0 0.0 0.01576 2 1 Phantom 0.0 0.0 0.0 0.0 0.0 0.0 0 0.0 0.0 8388863 none 
4 32.0469 -35.4055 -10.3188 0.0 3.175 3.175 3.175 0.0 0.0 0.0 0.0 0.01576 2 1 Phantom 0.0 0.0 0.0 0.0 0.0 0.0 0 0.0 0.0 8388863 none 
4 -15.2738 81.5674 -4.72945 0.0 3.175 3.175 3.175 0.0 0.0 0.0 0.0 0.01576 2 1 Phantom 0.0 0.0 0.0 0.0 0.0 0.0 0 0.0 0.0 8388863 none 
4 2.6614 34.1949 2.44185 0.0 3.175 3.175 3.175 0.0 0.0 0.0 0.0 0.01576 2 1 Phantom 0.0 0.0 0.0 0.0 0.0 0.0 0 0.0 0.0 8388863 none 
4 -38.6181 -78.6446 -4.06382 0.0 3.175 3.175 3.175 0.0 0.0 0.0 0.0 0.01576 2 1 Phantom 0.0 0.0 0.0 0.0 0.0 0.0 0 0.0 0.0 8388863 none 
4 -44.7112 -77.6466 -7.5881 0.0 3.175 3.175 3.175 0.0 0.0 0.0 0.0 0.01576 2 1 Phantom 0.0 0.0 0.0 0.0 0.0 0.0 0 0.0 0.0 8388863 none 
4 10.8294 -63.4724 11.6515 0.0 3.175 3.175 3.175 0.0 0.0 0.0 0.0 0.01576 2 1 Phantom 0.0 0.0 0.0 0.0 0.0 0.0 0 0.0 0.0 8388863 none 
4 -14.6126 -37.2529 1.43823 0.0 3.175 3.175 3.175 0.0 0.0 0.0 0.0 0.01576 2 1 Phantom 0.0 0.0 0.0 0.0 0.0 0.0 0 0.0 0.0 8388863 none 
4 15.7206 32.315 -19.2971 0.0 3.175 3.175 3.175 0.0 0.0 0.0 0.0 0.01576 2 1 Phantom 0.0 0.0 0.0 0.0 0.0 0.0 0 0.0 0.0 8388863 none 
4 -12.3014 -70.8558 19.302 0.0 3.175 3.175 3.175 0.0 0.0 0.0 0.0 0.01576 2 1 Phantom 0.0 0.0 0.0 0.0 0.0 0.0 0 0.0 0.0 8388863 none 
4 33.9927 -31.3989 -3.53689 0.0 3.175 3.175 3.175 0.0 0.0 0.0 0.0 0.01576 2 1 Phantom 0.0 0.0 0.0 0.0 0.0 0.0 0 0.0 0.0 8388863 none 
4 -22.2736 61.4529 -19.3065 0.0 3.175 3.175 3.175 0.0 0.0 0.0 0.0 0.01576 2 1 Phantom 0.0 0.0 0.0 0.0 0.0 0.0 0 0.0 0.0 8388863 none 
4 -28.5621 50.5253 -18.1969 0.0 3.175 3.175 3.175 0.0 0.0 0.0 0.0 0.01576 2 1 Phantom 0.0 0.0 0.0 0.0 0.0 0.0 0 0.0 0.0 8388863 none 
4 19.9126 -16.9918 -11.2342 0.0 3.175 3.175 3.175 0.0 0.0 0.0 0.0 0.01576 2 1 Phantom 0.0 0.0 0.0 0.0 0.0 0.0 0 0.0 0.0 8388863 none 
4 -4.72603 -23.181 -11.9342 0.0 3.175 3.175 3.175 0.0 0.0 0.0 0.0 0.01576 2 1 Phantom 0.0 0.0 0.0 0.0 0.0 0.0 0 0.0 0.0 8388863 none 
4 -12.3401 -49.2006 -8.38819 0.0 3.175 3.175 3.175 0.0 0.0 0.0 0.0 0.01576 2 1 Phantom 0.0 0.0 0.0 0.0 0.0 0.0 0 0.0 0.0 8388863 none 
4 32.0094 9.11088 8.81859 0.0 3.175 3.175 3.175 0.0 0.0 0.0 0.0 0.01576 2 1 Phantom 0.0 0.0 0.0 0.0 0.0 0.0 0 0.0 0.0 8388863 none 
4 21.1736 6.53095 19.1645 0.0 3.175 3.175 3.175 0.0 0.0 0.0 0.0 0.01576 2 1 Phantom 0.0 0.0 0.0 0.0 0.0 0.0 0 0.0 0.0 8388863 none 
4 38.9247 -15.2927 -18.9991 0.0 3.175 3.175 3.175 0.0 0.0 0.0 0.0 0.01576 2 1 Phantom 0.0 0.0 0.0 0.0 0.0 0.0 0 0.0 0.0 8388863 none 
4 -16.0447 -71.5079 -19.1723 0.0 3.175 3.175 3.175 0.0 0.0 0.0 0.0 0.01576 2 1 Phantom 0.0 0.0 0.0 0.0 0.0 0.0 0 0.0 0.0 8388863 none 
4 -35.1261 -29.7108 -7.35452 0.0 3.175 3.175 3.175 0.0 0.0 0.0 0.0 0.01576 2 1 Phantom 0.0 0.0 0.0 0.0 0.0 0.0 0 0.0 0.0 8388863 none 
4 -44.6984 -81.0505 -0.855906 0.0 3.175 3.175 3.175 0.0 0.0 0.0 0.0 0.01576 2 1 Phantom 0.0 0.0 0.0 0.0 0.0 0.0 0 0.0 0.0 8388863 none 
4 36.8599 18.7219 -4.65293 0.0 3.175 3.175 3.175 0.0 0.0 0.0 0.0 0.01576 2 1 Phantom 0.0 0.0 0.0 0.0 0.0 0.0 0 0.0 0.0 8388863 none 
4 -17.7669 56.2349 9.25941 0.0 3.175 3.175 3.175 0.0 0.0 0.0 0.0 0.01576 2 1 Phantom 0.0 0.0 0.0 0.0 0.0 0.0 0 0.0 0.0 8388863 none 
4 -44.8329 25.1691 -19.015 0.0 3.175 3.175 3.175 0.0 0.0 0.0 0.0 0.01576 2 1 Phantom 0.0 0.0 0.0 0.0 0.0 0.0 0 0.0 0.0 8388863 none 
4 -18.1081 -31.8418 -0.763836 0.0 3.175 3.175 3.175 0.0 0.0 0.0 0.0 0.01576 2 1 Phantom 0.0 0.0 0.0 0.0 0.0 0.0 0 0.0 0.0 8388863 none 
4 11.7114 12.8539 -4.6233 0.0 3.175 3.175 3.175 0.0 0.0 0.0 0.0 0.01576 2 1 Phantom 0.0 0.0 0.0 0.0 0.0 0.0 0 0.0 0.0 8388863 none 
4 -37.1892 -54.8343 9.02328 0.0 3.175 3.175 3.175 0.0 0.0 0.0 0.0 0.01576 2 1 Phantom 0.0 0.0 0.0 0.0 0.0 0.0 0 0.0 0.0 8388863 none 
4 -35.1659 44.107 -1.94111 0.0 3.175 3.175 3.175 0.0 0.0 0.0 0.0 0.01576 2 1 Phantom 0.0 0.0 0.0 0.0 0.0 0.0 0 0.0 0.0 8388863 none 
4 -18.2319 -83.4582 17.8983 0.0 3.175 3.175 3.175 0.0 0.0 0.0 0.0 0.01576 2 1 Phantom 0.0 0.0 0.0 0.0 0.0 0.0 0 0.0 0.0 8388863 none 
4 21.1835 -35.0982 -4.10824 0.0 3.175 3.175 3.175 0.0 0.0 0.0 0.0 0.01576 2 1 Phantom 0.0 0.0 0.0 0.0 0.0 0.0 0 0.0 0.0 8388863 none 
4 -0.941001 44.8446 11.7548 0.0 3.175 3.175 3.175 0.0 0.0 0.0 0.0 0.01576 2 1 Phantom 0.0 0.0 0.0 0.0 0.0 0.0 0 0.0 0.0 8388863 none 
4 -29.2324 -55.148 -10.4267 0.0 3.175 3.175 3.175 0.0 0.0 0.0 0.0 0.01576 2 1 Phantom 0.0 0.0 0.0 0.0 0.0 0.0 0 0.0 0.0 8388863 none 
4 16.9461 -46.6032 5.83434 0.0 3.175 3.175 3.175 0.0 0.0 0.0 0.0 0.01576 2 1 Phantom 0.0 0.0 0.0 0.0 0.0 0.0 0 0.0 0.0 8388863 none 
4 30.4268 23.5456 -9.03629 0.0 3.175 3.175 3.175 0.0 0.0 0.0 0.0 0.01576 2 1 Phantom 0.0 0.0 0.0 0.0 0.0 0.0 0 0.0 0.0 8388863 none 
4 -45.1946 41.8452 4.77358 0.0 3.175 3.175 3.175 0.0 0.0 0.0 0.0 0.01576 2 1 Phantom 0.0 0.0 0.0 0.0 0.0 0.0 0 0.0 0.0 8388863 none 
4 31.8997 33.9193 -1.41576 0.0 3.175 3.175 3.175 0.0 0.0 0.0 0.0 0.01576 2 1 Phantom 0.0 0.0 0.0 0.0 0.0 0.0 0 0.0 0.0 8388863 none 
4 -29.5888 28.6665 19.1153 0.0 3.175 3.175 3.175 0.0 0.0 0.0 0.0 0.01576 2 1 Phantom 0.0 0.0 0.0 0.0 0.0 0.0 0 0.0 0.0 8388863 none 
4 -21.7641 33.9017 3.98114 0.0 3.175 3.175 3.175 0.0 0.0 0.0 0.0 0.01576 2 1 Phantom 0.0 0.0 0.0 0.0 0.0 0.0 0 0.0 0.0 8388863 none 
4 -45.2232 -47.27 17.0438 0.0 3.175 3.175 3.175 0.0 0.0 0.0 0.0 0.01576 2 1 Phantom 0.0 0.0 0.0 0.0 0.0 0.0 0 0.0 0.0 8388863 none 
4 -29.7207 9.0823 -18.9224 0.0 3.175 3.175 3.175 0.0 0.0 0.0 0.0 0.01576 2 1 Phantom 0.0 0.0 0.0 0.0 0.0 0.0 0 0.0 0.0 8388863 none 
4 12.6875 33.7581 18.8223 0.0 3.175 3.175 3.175 0.0 0.0 0.0 0.0 0.01576 2 1 Phantom 0.0 0.0 0.0 0.0 0.0 0.0 0 0.0 0.0 8388863 none 
4 21.3075 41.2294 -19.1363 0.0 3.175 3.175 3.175 0.0 0.0 0.0 0.0 0.01576 2 1 Phantom 0.0 0.0 0.0 0.0 0.0 0.0 0 0.0 0.0 8388863 none 
4 -45.2779 85.1774 -17.6359 0.0 3.175 3.175 3.175 0.0 0.0 0.0 0.0 0.01576 2 1 Phantom 0.0 0.0 0.0 0.0 0.0 0.0 0 0.0 0.0 8388863 none 
4 -29.0083 -3.85226 -9.69209 0.0 3.175 3.175 3.175 0.0 0.0 0.0 0.0 0.01576 2 1 Phantom 0.0 0.0 0.0 0.0 0.0 0.0 0 0.0 0.0 8388863 none 
4 -34.2032 79.4345 -18.6146 0.0 3.175 3.175 3.175 0.0 0.0 0.0 0.0 0.01576 2 1 Phantom 0.0 0.0 0.0 0.0 0.0 0.0 0 0.0 0.0 8388863 none 
4 -21.9133 23.0401 0.0502617 0.0 3.175 3.175 3.175 0.0 0.0 0.0 0.0 0.01576 2 1 Phantom 0.0 0.0 0.0 0.0 0.0 0.0 0 0.0 0.0 8388863 none 
4 -36.1351 -56.9994 -9.70302 0.0 3.175 3.175 3.175 0.0 0.0 0.0 0.0 0.01576 2 1 Phantom 0.0 0.0 0.0 0.0 0.0 0.0 0 0.0 0.0 8388863 none 
4 -20.9529 76.0988 -8.75422 0.0 3.175 3.175 3.175 0.0 0.0 0.0 0.0 0.01576 2 1 Phantom 0.0 0.0 0.0 0.0 0.0 0.0 0 0.0 0.0 8388863 none 
4 -0.971108 17.8739 -6.51229 0.0 3.175 3.175 3.175 0.0 0.0 0.0 0.0 0.01576 2 1 Phantom 0.0 0.0 0.0 0.0 0.0 0.0 0 0.0 0.0 8388863 none 
4 10.1045 -66.6488 -16.8339 0.0 3.175 3.175 3.175 0.0 0.0 0.0 0.0 0.01576 2 1 Phantom 0.0 0.0 0.0 0.0 0.0 0.0 0 0.0 0.0 8388863 none 
4 -8.72396 -1.32799 18.6296 0.0 3.175 3.175 3.175 0.0 0.0 0.0 0.0 0.01576 2 1 Phantom 0.0 0.0 0.0 0.0 0.0 0.0 0 0.0 0.0 8388863 none 
4 -45.1857 -44.5849 -6.22587 0.0 3.175 3.175 3.175 0.0 0.0 0.0 0.0 0.01576 2 1 Phantom 0.0 0.0 0.0 0.0 0.0 0.0 0 0.0 0.0 8388863 none 
4 -30.9026 55.9444 9.21644 0.0 3.175 3.175 3.175 0.0 0.0 0.0 0.0 0.01576 2 1 Phantom 0.0 0.0 0.0 0.0 0.0 0.0 0 0.0 0.0 8388863 none 
4 13.2499 -4.07888 11.861 0.0 3.175 3.175 3.175 0.0 0.0 0.0 0.0 0.01576 2 1 Phantom 0.0 0.0 0.0 0.0 0.0 0.0 0 0.0 0.0 8388863 none 
4 -39.3265 12.3605 19.1675 0.0 3.175 3.175 3.175 0.0 0.0 0.0 0.0 0.01576 2 1 Phantom 0.0 0.0 0.0 0.0 0.0 0.0 0 0.0 0.0 8388863 none 
4 12.92 40.6316 -8.70452 0.0 3.175 3.175 3.175 0.0 0.0 0.0 0.0 0.01576 2 1 Phantom 0.0 0.0 0.0 0.0 0.0 0.0 0 0.0 0.0 8388863 none 
4 -44.9882 51.3629 19.1724 0.0 3.175 3.175 3.175 0.0 0.0 0.0 0.0 0.01576 2 1 Phantom 0.0 0.0 0.0 0.0 0.0 0.0 0 0.0 0.0 8388863 none 
4 -38.194 -46.0867 -18.7629 0.0 3.175 3.175 3.175 0.0 0.0 0.0 0.0 0.01576 2 1 Phantom 0.0 0.0 0.0 0.0 0.0 0.0 0 0.0 0.0 8388863 none 
4 -36.9612 16.017 3.59074 0.0 3.175 3.175 3.175 0.0 0.0 0.0 0.0 0.01576 2 1 Phantom 0.0 0.0 0.0 0.0 0.0 0.0 0 0.0 0.0 8388863 none 
4 -17.5193 -83.0711 2.14496 0.0 3.175 3.175 3.175 0.0 0.0 0.0 0.0 0.01576 2 1 Phantom 0.0 0.0 0.0 0.0 0.0 0.0 0 0.0 0.0 8388863 none 
4 15.168 -25.5072 -0.9462 0.0 3.175 3.175 3.175 0.0 0.0 0.0 0.0 0.01576 2 1 Phantom 0.0 0.0 0.0 0.0 0.0 0.0 0 0.0 0.0 8388863 none 
4 5.70595 30.1452 -19.156 0.0 3.175 3.175 3.175 0.0 0.0 0.0 0.0 0.01576 2 1 Phantom 0.0 0.0 0.0 0.0 0.0 0.0 0 0.0 0.0 8388863 none 
4 -15.8979 11.9801 7.00559 0.0 3.175 3.175 3.175 0.0 0.0 0.0 0.0 0.01576 2 1 Phantom 0.0 0.0 0.0 0.0 0.0 0.0 0 0.0 0.0 8388863 none 
4 -30.76 -39.8598 14.5835 0.0 3.175 3.175 3.175 0.0 0.0 0.0 0.0 0.01576 2 1 Phantom 0.0 0.0 0.0 0.0 0.0 0.0 0 0.0 0.0 8388863 none 
4 12.3805 3.61284 -17.8161 0.0 3.175 3.175 3.175 0.0 0.0 0.0 0.0 0.01576 2 1 Phantom 0.0 0.0 0.0 0.0 0.0 0.0 0 0.0 0.0 8388863 none 
4 19.6745 -5.06203 -8.75122 0.0 3.175 3.175 3.175 0.0 0.0 0.0 0.0 0.01576 2 1 Phantom 0.0 0.0 0.0 0.0 0.0 0.0 0 0.0 0.0 8388863 none 
4 -45.1314 60.0177 -18.2779 0.0 3.175 3.175 3.175 0.0 0.0 0.0 0.0 0.01576 2 1 Phantom 0.0 0.0 0.0 0.0 0.0 0.0 0 0.0 0.0 8388863 none 
4 -10.3653 -21.5683 3.47435 0.0 3.175 3.175 3.175 0.0 0.0 0.0 0.0 0.01576 2 1 Phantom 0.0 0.0 0.0 0.0 0.0 0.0 0 0.0 0.0 8388863 none 
4 -21.45 83.8299 -2.92879 0.0 3.175 3.175 3.175 0.0 0.0 0.0 0.0 0.01576 2 1 Phantom 0.0 0.0 0.0 0.0 0.0 0.0 0 0.0 0.0 8388863 none 
4 5.8222 38.911 -5.73037 0.0 3.175 3.175 3.175 0.0 0.0 0.0 0.0 0.01576 2 1 Phantom 0.0 0.0 0.0 0.0 0.0 0.0 0 0.0 0.0 8388863 none 
4 -0.674403 -5.31047 -18.9548 0.0 3.175 3.175 3.175 0.0 0.0 0.0 0.0 0.01576 2 1 Phantom 0.0 0.0 0.0 0.0 0.0 0.0 0 0.0 0.0 8388863 none 
4 11.8977 64.8255 1.43125 0.0 3.175 3.175 3.175 0.0 0.0 0.0 0.0 0.01576 2 1 Phantom 0.0 0.0 0.0 0.0 0.0 0.0 0 0.0 0.0 8388863 none 
4 24.2254 49.7817 -18.1237 0.0 3.175 3.175 3.175 0.0 0.0 0.0 0.0 0.01576 2 1 Phantom 0.0 0.0 0.0 0.0 0.0 0.0 0 0.0 0.0 8388863 none 
4 21.4402 9.85424 -11.8275 0.0 3.175 3.175 3.175 0.0 0.0 0.0 0.0 0.01576 2 1 Phantom 0.0 0.0 0.0 0.0 0.0 0.0 0 0.0 0.0 8388863 none 
4 -21.4553 -4.98751 -18.6543 0.0 3.175 3.175 3.175 0.0 0.0 0.0 0.0 0.01576 2 1 Phantom 0.0 0.0 0.0 0.0 0.0 0.0 0 0.0 0.0 8388863 none 
4 -43.8066 15.8724 -18.5431 0.0 3.175 3.175 3.175 0.0 0.0 0.0 0.0 0.01576 2 1 Phantom 0.0 0.0 0.0 0.0 0.0 0.0 0 0.0 0.0 8388863 none 
4 31.5161 3.23463 4.68184 0.0 3.175 3.175 3.175 0.0 0.0 0.0 0.0 0.01576 2 1 Phantom 0.0 0.0 0.0 0.0 0.0 0.0 0 0.0 0.0 8388863 none 
4 -43.5416 -33.8055 18.7475 0.0 3.175 3.175 3.175 0.0 0.0 0.0 0.0 0.01576 2 1 Phantom 0.0 0.0 0.0 0.0 0.0 0.0 0 0.0 0.0 8388863 none 
4 -4.68474 -38.1308 0.0541906 0.0 3.175 3.175 3.175 0.0 0.0 0.0 0.0 0.01576 2 1 Phantom 0.0 0.0 0.0 0.0 0.0 0.0 0 0.0 0.0 8388863 none 
4 30.8358 6.67341 -19.1846 0.0 3.175 3.175 3.175 0.0 0.0 0.0 0.0 0.01576 2 1 Phantom 0.0 0.0 0.0 0.0 0.0 0.0 0 0.0 0.0 8388863 none 
4 25.474 -48.0793 -8.26005 0.0 3.175 3.175 3.175 0.0 0.0 0.0 0.0 0.01576 2 1 Phantom 0.0 0.0 0.0 0.0 0.0 0.0 0 0.0 0.0 8388863 none 
4 -7.24583 11.5198 1.57012 0.0 3.175 3.175 3.175 0.0 0.0 0.0 0.0 0.01576 2 1 Phantom 0.0 0.0 0.0 0.0 0.0 0.0 0 0.0 0.0 8388863 none 
4 7.37933 2.56934 18.7527 0.0 3.175 3.175 3.175 0.0 0.0 0.0 0.0 0.01576 2 1 Phantom 0.0 0.0 0.0 0.0 0.0 0.0 0 0.0 0.0 8388863 none 
4 4.53637 71.194 -15.2425 0.0 3.175 3.175 3.175 0.0 0.0 0.0 0.0 0.01576 2 1 Phantom 0.0 0.0 0.0 0.0 0.0 0.0 0 0.0 0.0 8388863 none 
4 1.2639 31.9513 19.0933 0.0 3.175 3.175 3.175 0.0 0.0 0.0 0.0 0.01576 2 1 Phantom 0.0 0.0 0.0 0.0 0.0 0.0 0 0.0 0.0 8388863 none 

 