34068 
12 -48.5 0.0 0.0 0.0 92 45 0.0 0.0 0.0 0.0 0.0 0.015760 2 10 Phantom 0.000000 0.000000 0.000000 0.000000 0.000000 0.000000 0 0.000000 0.000000 16711680 none 
12 -48.5 0.0 0.0 0.0 97 51 0.0 0.0 0.0 0.0 0.0 0.075580 2 2 Phantom 0.000000 0.000000 0.000000 0.000000 0.000000 0.000000 0 0.000000 0.000000 16711680 none 
4 13.0696 20.1221 5.0576 0.0 7.94 7.94 7.94 0.0 0.0 0.0 0.0 0.01576 2 1 Phantom 0.0 0.0 0.0 0.0 0.0 0.0 0 0.0 0.0 12615680 none 
4 -10.2891 21.9889 -1.23513 0.0 7.94 7.94 7.94 0.0 0.0 0.0 0.0 0.01576 2 1 Phantom 0.0 0.0 0.0 0.0 0.0 0.0 0 0.0 0.0 12615680 none 
4 -29.7323 -29.4148 2.77395 0.0 7.94 7.94 7.94 0.0 0.0 0.0 0.0 0.01576 2 1 Phantom 0.0 0.0 0.0 0.0 0.0 0.0 0 0.0 0.0 12615680 none 
4 -21.8414 4.51779 -11.662 0.0 7.94 7.94 7.94 0.0 0.0 0.0 0.0 0.01576 2 1 Phantom 0.0 0.0 0.0 0.0 0.0 0.0 0 0.0 0.0 12615680 none 
4 -15.61 -62.9019 0.268043 0.0 7.94 7.94 7.94 0.0 0.0 0.0 0.0 0.01576 2 1 Phantom 0.0 0.0 0.0 0.0 0.0 0.0 0 0.0 0.0 12615680 none 
4 -38.5825 -44.6782 3.80498 0.0 7.94 7.94 7.94 0.0 0.0 0.0 0.0 0.01576 2 1 Phantom 0.0 0.0 0.0 0.0 0.0 0.0 0 0.0 0.0 12615680 none 
4 -1.05244 5.6694 -6.44079 0.0 7.94 7.94 7.94 0.0 0.0 0.0 0.0 0.01576 2 1 Phantom 0.0 0.0 0.0 0.0 0.0 0.0 0 0.0 0.0 12615680 none 
4 -23.9344 18.5134 11.2864 0.0 7.94 7.94 7.94 0.0 0.0 0.0 0.0 0.01576 2 1 Phantom 0.0 0.0 0.0 0.0 0.0 0.0 0 0.0 0.0 12615680 none 
4 2.05516 -26.0838 -3.57072 0.0 7.94 7.94 7.94 0.0 0.0 0.0 0.0 0.01576 2 1 Phantom 0.0 0.0 0.0 0.0 0.0 0.0 0 0.0 0.0 12615680 none 
4 -24.4053 60.3855 -8.17082 0.0 7.94 7.94 7.94 0.0 0.0 0.0 0.0 0.01576 2 1 Phantom 0.0 0.0 0.0 0.0 0.0 0.0 0 0.0 0.0 12615680 none 
4 -7.38345 -13.2736 -4.91558 0.0 7.94 7.94 7.94 0.0 0.0 0.0 0.0 0.01576 2 1 Phantom 0.0 0.0 0.0 0.0 0.0 0.0 0 0.0 0.0 12615680 none 
4 9.74236 -29.8933 14.0043 0.0 7.94 7.94 7.94 0.0 0.0 0.0 0.0 0.01576 2 1 Phantom 0.0 0.0 0.0 0.0 0.0 0.0 0 0.0 0.0 12615680 none 
4 24.0557 -28.5412 5.04591 0.0 7.94 7.94 7.94 0.0 0.0 0.0 0.0 0.01576 2 1 Phantom 0.0 0.0 0.0 0.0 0.0 0.0 0 0.0 0.0 12615680 none 
4 -19.6036 -39.7856 -8.46304 0.0 7.94 7.94 7.94 0.0 0.0 0.0 0.0 0.01576 2 1 Phantom 0.0 0.0 0.0 0.0 0.0 0.0 0 0.0 0.0 12615680 none 
4 -32.4287 -76.9072 5.44621 0.0 7.94 7.94 7.94 0.0 0.0 0.0 0.0 0.01576 2 1 Phantom 0.0 0.0 0.0 0.0 0.0 0.0 0 0.0 0.0 12615680 none 
4 -39.7804 -0.877494 -11.8726 0.0 7.94 7.94 7.94 0.0 0.0 0.0 0.0 0.01576 2 1 Phantom 0.0 0.0 0.0 0.0 0.0 0.0 0 0.0 0.0 12615680 none 
4 7.85834 -55.4457 4.20627 0.0 7.94 7.94 7.94 0.0 0.0 0.0 0.0 0.01576 2 1 Phantom 0.0 0.0 0.0 0.0 0.0 0.0 0 0.0 0.0 12615680 none 
4 -38.0696 6.01814 10.053 0.0 7.94 7.94 7.94 0.0 0.0 0.0 0.0 0.01576 2 1 Phantom 0.0 0.0 0.0 0.0 0.0 0.0 0 0.0 0.0 12615680 none 
4 -13.0911 67.5792 7.97101 0.0 7.94 7.94 7.94 0.0 0.0 0.0 0.0 0.01576 2 1 Phantom 0.0 0.0 0.0 0.0 0.0 0.0 0 0.0 0.0 12615680 none 
4 -3.19944 -69.4983 12.0471 0.0 7.94 7.94 7.94 0.0 0.0 0.0 0.0 0.01576 2 1 Phantom 0.0 0.0 0.0 0.0 0.0 0.0 0 0.0 0.0 12615680 none 
4 23.3044 33.6622 -10.0322 0.0 7.94 7.94 7.94 0.0 0.0 0.0 0.0 0.01576 2 1 Phantom 0.0 0.0 0.0 0.0 0.0 0.0 0 0.0 0.0 12615680 none 
4 -10.7876 36.4934 8.68002 0.0 7.94 7.94 7.94 0.0 0.0 0.0 0.0 0.01576 2 1 Phantom 0.0 0.0 0.0 0.0 0.0 0.0 0 0.0 0.0 12615680 none 
4 0.368645 -50.7184 -9.92854 0.0 7.94 7.94 7.94 0.0 0.0 0.0 0.0 0.01576 2 1 Phantom 0.0 0.0 0.0 0.0 0.0 0.0 0 0.0 0.0 12615680 none 
4 -31.6269 78.9688 -7.46319 0.0 7.94 7.94 7.94 0.0 0.0 0.0 0.0 0.01576 2 1 Phantom 0.0 0.0 0.0 0.0 0.0 0.0 0 0.0 0.0 12615680 none 
4 -6.10803 -72.3289 -11.7383 0.0 7.94 7.94 7.94 0.0 0.0 0.0 0.0 0.01576 2 1 Phantom 0.0 0.0 0.0 0.0 0.0 0.0 0 0.0 0.0 12615680 none 
4 -18.6214 -18.657 12.3254 0.0 7.94 7.94 7.94 0.0 0.0 0.0 0.0 0.01576 2 1 Phantom 0.0 0.0 0.0 0.0 0.0 0.0 0 0.0 0.0 12615680 none 
4 34.1238 -13.7087 7.78886 0.0 7.94 7.94 7.94 0.0 0.0 0.0 0.0 0.01576 2 1 Phantom 0.0 0.0 0.0 0.0 0.0 0.0 0 0.0 0.0 12615680 none 
4 -31.6642 -15.7925 -7.00861 0.0 7.94 7.94 7.94 0.0 0.0 0.0 0.0 0.01576 2 1 Phantom 0.0 0.0 0.0 0.0 0.0 0.0 0 0.0 0.0 12615680 none 
4 -16.718 -41.6801 12.6298 0.0 7.94 7.94 7.94 0.0 0.0 0.0 0.0 0.01576 2 1 Phantom 0.0 0.0 0.0 0.0 0.0 0.0 0 0.0 0.0 12615680 none 